xflr5 v6.61

 Calculated polar for: SJ4_7_45

 1 1 Reynolds number fixed          Mach number fixed         

 xtrf =   1.000 (top)        1.000 (bottom)
 Mach =   0.200     Re =     0.075 e 6     Ncrit =   9.000

  alpha     CL        CD       CDp       Cm    Top Xtr Bot Xtr   Cpmin    Chinge    XCp    
 ------- -------- --------- --------- -------- ------- ------- -------- --------- ---------
 -28.000  -1.1180   0.36259   0.35674   0.1585  1.0001  0.0220  -1.8752   0.0000   0.0000   0.0000   0.3645
 -27.000  -1.0875   0.35044   0.34452   0.1486  1.0001  0.0237  -1.8122   0.0000   0.0000   0.0000   0.3616
 -26.000  -1.0553   0.33900   0.33301   0.1383  1.0001  0.0257  -1.7832   0.0000   0.0000   0.0000   0.3580
 -25.000  -1.0216   0.32760   0.32152   0.1278  1.0001  0.0280  -1.7680   0.0000   0.0000   0.0000   0.3539
 -24.000  -0.9877   0.32115   0.31505   0.1153  1.0001  0.0297  -1.8238   0.0000   0.0000   0.0000   0.3474
 -23.000  -0.9537   0.30676   0.30067   0.1056  1.0001  0.0308  -1.7889   0.0000   0.0000   0.0000   0.3430
 -22.000  -0.9176   0.29039   0.28420   0.0983  1.0001  0.0339  -1.6277   0.0000   0.0000   0.0000   0.3409
 -21.000  -0.8816   0.27783   0.27161   0.0890  1.0001  0.0376  -1.6301   0.0000   0.0000   0.0000   0.3362
 -20.000  -0.8481   0.26990   0.26368   0.0773  1.0001  0.0408  -1.7410   0.0000   0.0000   0.0000   0.3279
 -19.000  -0.8123   0.25382   0.24764   0.0691  1.0001  0.0423  -1.7375   0.0000   0.0000   0.0000   0.3230
 -18.000  -0.7742   0.23821   0.23195   0.0628  1.0001  0.0473  -1.6146   0.0000   0.0000   0.0000   0.3201
 -17.000  -0.7444   0.22897   0.22274   0.0520  1.0001  0.0530  -1.6760   0.0000   0.0000   0.0000   0.3101
 -16.000  -0.7067   0.21116   0.20496   0.0467  1.0001  0.0577  -1.5499   0.0000   0.0000   0.0000   0.3071
 -15.000  -0.6789   0.19965   0.19345   0.0379  1.0001  0.0655  -1.5788   0.0000   0.0000   0.0000   0.2978
 -14.000  -0.6463   0.18330   0.17715   0.0325  1.0001  0.0706  -1.5746   0.0000   0.0000   0.0000   0.2930
 -13.000  -0.6345   0.17343   0.16737   0.0229  1.0001  0.0794  -1.7141   0.0000   0.0000   0.0000   0.2799
 -12.000  -0.5973   0.15493   0.14890   0.0204  1.0001  0.0891  -1.6170   0.0000   0.0000   0.0000   0.2785
 -11.000  -0.5780   0.14032   0.13434   0.0151  1.0001  0.1008  -1.6243   0.0000   0.0000   0.0000   0.2710
 -10.000  -0.5639   0.12606   0.12020   0.0095  1.0001  0.1171  -1.6360   0.0000   0.0000   0.0000   0.2624
  -9.000  -0.5640   0.11260   0.10694   0.0011  1.0001  0.1338  -1.7215   0.0000   0.0000   0.0000   0.2483
  -8.000  -0.5421   0.09654   0.09102  -0.0012  1.0001  0.1536  -1.6457   0.0000   0.0000   0.0000   0.2446
  -7.000  -0.5362   0.08175   0.07646  -0.0085  1.0001  0.1815  -1.7147   0.0000   0.0000   0.0000   0.2317
  -5.000  -0.4309   0.03583   0.02809  -0.0367  1.0001  0.0851  -2.4995   0.0000   0.0000   0.0000   0.1621
  -4.000  -0.3310   0.02411   0.01434  -0.0334  1.0001  0.0844  -2.4026   0.0000   0.0000   0.0000   0.1463
  -3.000  -0.2293   0.01734   0.00768  -0.0292  1.0001  0.1797  -2.0594   0.0000   0.0000   0.0000   0.1197
  -2.000  -0.1145   0.01292   0.00565  -0.0253  1.0001  0.9999  -1.3317   0.0000   0.0000   0.0000   0.0252
  -1.000  -0.0273   0.01303   0.00482  -0.0217  1.0001  0.9999  -0.7291   0.0000   0.0000   0.0000  -0.5514
   0.000   0.0657   0.01362   0.00491  -0.0197  1.0001  0.9999  -0.3241   0.0000   0.0000   0.0000   0.5485
   1.000   0.1576   0.01481   0.00595  -0.0187  1.0001  0.9999  -0.4306   0.0000   0.0000   0.0000   0.3666
   2.000   0.3030   0.01689   0.00826  -0.0298  0.9733  0.9999  -0.6228   0.0000   0.0000   0.0000   0.3462
   3.000   0.5308   0.01600   0.00822  -0.0479  0.8557  0.9999  -1.0705   0.0000   0.0000   0.0000   0.3377
   4.000   0.6392   0.01545   0.00760  -0.0383  0.6442  0.9999  -1.6350   0.0000   0.0000   0.0000   0.3068
   5.000   0.7251   0.01854   0.00950  -0.0299  0.3578  0.9999  -2.3483   0.0000   0.0000   0.0000   0.2873
   6.000   0.8128   0.02434   0.01436  -0.0247  0.1591  0.9999  -3.1312   0.0000   0.0000   0.0000   0.2756
   7.000   0.9076   0.03355   0.02395  -0.0206  0.0899  0.9999  -3.7655   0.0000   0.0000   0.0000   0.2670
   8.000   0.9692   0.04849   0.04097  -0.0146  0.0743  0.9999  -4.0310   0.0000   0.0000   0.0000   0.2587
   9.000   0.9535   0.06865   0.06288  -0.0105  0.0736  0.9999  -3.7979   0.0000   0.0000   0.0000   0.2542
  10.000   0.8718   0.09743   0.09212  -0.0236  0.0881  0.9999  -3.1206   0.0000   0.0000   0.0000   0.2696
  11.000   0.8304   0.13951   0.13401  -0.0511  0.1696  0.9999  -2.1568   0.0000   0.0000   0.0000   0.3043
  12.000   0.8177   0.15540   0.14978  -0.0600  0.1454  0.9999  -2.0219   0.0000   0.0000   0.0000   0.3151
  13.000   0.8517   0.17552   0.16995  -0.0618  0.1289  0.9999  -2.0860   0.0000   0.0000   0.0000   0.3134
  14.000   0.8549   0.19038   0.18471  -0.0716  0.1147  0.9999  -1.9452   0.0000   0.0000   0.0000   0.3236
  15.000   0.8699   0.20431   0.19857  -0.0807  0.1000  0.9999  -1.9070   0.0000   0.0000   0.0000   0.3314
  16.000   0.9065   0.22292   0.21720  -0.0859  0.0887  0.9999  -2.0123   0.0000   0.0000   0.0000   0.3322
  17.000   0.9314   0.23548   0.22978  -0.0954  0.0776  0.9999  -1.9858   0.0000   0.0000   0.0000   0.3386
  18.000   0.9579   0.24862   0.24288  -0.1066  0.0688  0.9999  -1.8959   0.0000   0.0000   0.0000   0.3460
  19.000   0.9947   0.26609   0.26036  -0.1134  0.0629  0.9999  -1.9442   0.0000   0.0000   0.0000   0.3473
  20.000   1.0257   0.27738   0.27166  -0.1249  0.0552  0.9999  -1.8715   0.0000   0.0000   0.0000   0.3534
  21.000   1.0642   0.29751   0.29186  -0.1310  0.0512  0.9999  -2.0375   0.0000   0.0000   0.0000   0.3532
  22.000   1.0942   0.30517   0.29951  -0.1448  0.0457  0.9999  -1.9472   0.0000   0.0000   0.0000   0.3605
  23.000   1.1368   0.33417   0.32861  -0.1480  0.0401  0.9999  -2.2291   0.0000   0.0000   0.0000   0.3567
  24.000   1.1620   0.33295   0.32739  -0.1644  0.0387  0.9999  -2.0179   0.0000   0.0000   0.0000   0.3657
  25.000   1.1955   0.34489   0.33939  -0.1757  0.0344  0.9999  -1.9818   0.0000   0.0000   0.0000   0.3691
  26.000   1.2278   0.35858   0.35317  -0.1850  0.0309  0.9999  -2.0505   0.0000   0.0000   0.0000   0.3705
  27.000   1.2597   0.37930   0.37394  -0.1932  0.0295  0.9999  -2.1059   0.0000   0.0000   0.0000   0.3710
  28.000   1.2897   0.38227   0.37697  -0.2081  0.0274  0.9999  -2.0271   0.0000   0.0000   0.0000   0.3764
  29.000   1.3192   0.39364   0.38844  -0.2194  0.0244  0.9999  -2.0882   0.0000   0.0000   0.0000   0.3787
  30.000   1.3465   0.40528   0.40018  -0.2300  0.0222  0.9999  -2.1905   0.0000   0.0000   0.0000   0.3804


