xflr5 v6.61

 Calculated polar for: SJ4_7_45

 1 1 Reynolds number fixed          Mach number fixed         

 xtrf =   1.000 (top)        1.000 (bottom)
 Mach =   0.200     Re =     0.090 e 6     Ncrit =   9.000

  alpha     CL        CD       CDp       Cm    Top Xtr Bot Xtr   Cpmin    Chinge    XCp    
 ------- -------- --------- --------- -------- ------- ------- -------- --------- ---------
 -27.000  -0.6702   0.30430   0.29973   0.0730  1.0001  0.0217  -1.0296   0.0000   0.0000   0.0000   0.3433
 -26.000  -0.6553   0.29110   0.28645   0.0679  1.0001  0.0235  -0.9937   0.0000   0.0000   0.0000   0.3395
 -25.000  -0.6402   0.27891   0.27418   0.0624  1.0001  0.0256  -0.9866   0.0000   0.0000   0.0000   0.3347
 -24.000  -0.6245   0.26716   0.26237   0.0567  1.0001  0.0283  -0.9916   0.0000   0.0000   0.0000   0.3293
 -23.000  -0.6154   0.26154   0.25665   0.0496  1.0001  0.0299  -1.0877   0.0000   0.0000   0.0000   0.3201
 -22.000  -0.5931   0.24401   0.23910   0.0454  1.0001  0.0314  -1.0512   0.0000   0.0000   0.0000   0.3171
 -21.000  -0.5737   0.23177   0.22679   0.0408  1.0001  0.0346  -1.0295   0.0000   0.0000   0.0000   0.3127
 -20.000  -0.5560   0.22086   0.21580   0.0356  1.0001  0.0386  -1.0646   0.0000   0.0000   0.0000   0.3064
 -19.000  -0.5485   0.21569   0.21060   0.0287  1.0001  0.0410  -1.2082   0.0000   0.0000   0.0000   0.2954
 -18.000  -0.5222   0.19923   0.19412   0.0253  1.0001  0.0435  -1.1242   0.0000   0.0000   0.0000   0.2922
 -17.000  -0.5031   0.18869   0.18355   0.0210  1.0001  0.0504  -1.0777   0.0000   0.0000   0.0000   0.2862
 -16.000  -0.5115   0.18778   0.18262   0.0137  1.0001  0.0535  -1.2632   0.0000   0.0000   0.0000   0.2717
 -15.000  -0.4713   0.16820   0.16301   0.0125  1.0001  0.0601  -1.1397   0.0000   0.0000   0.0000   0.2717
 -14.000  -0.4792   0.16425   0.15907   0.0066  1.0001  0.0661  -1.3343   0.0000   0.0000   0.0000   0.2593
 -13.000  -0.4522   0.14939   0.14421   0.0053  1.0001  0.0728  -1.2616   0.0000   0.0000   0.0000   0.2577
 -12.000  -0.4748   0.14408   0.13896  -0.0015  1.0001  0.0796  -1.4948   0.0000   0.0000   0.0000   0.2431
 -11.000  -0.4497   0.12820   0.12308  -0.0026  1.0001  0.0920  -1.3998   0.0000   0.0000   0.0000   0.2408
 -10.000  -0.4455   0.11428   0.10925  -0.0059  1.0001  0.1056  -1.4177   0.0000   0.0000   0.0000   0.2336
  -7.000  -0.5370   0.07872   0.07385  -0.0144  1.0001  0.1445  -1.7945   0.0000   0.0000   0.0000   0.2206
  -5.000  -0.4259   0.03333   0.02543  -0.0363  1.0001  0.0659  -2.7002   0.0000   0.0000   0.0000   0.1619
  -4.000  -0.3293   0.02253   0.01315  -0.0328  1.0001  0.0707  -2.4744   0.0000   0.0000   0.0000   0.1474
  -3.000  -0.2279   0.01636   0.00702  -0.0290  1.0001  0.1428  -2.0794   0.0000   0.0000   0.0000   0.1199
  -2.000  -0.1152   0.01190   0.00530  -0.0253  1.0001  0.9999  -1.3490   0.0000   0.0000   0.0000   0.0272
  -1.000  -0.0267   0.01205   0.00457  -0.0219  1.0001  0.9999  -0.7326   0.0000   0.0000   0.0000  -0.5756
   0.000   0.0675   0.01266   0.00473  -0.0200  1.0001  0.9999  -0.3249   0.0000   0.0000   0.0000   0.5459
   1.000   0.1601   0.01390   0.00585  -0.0193  1.0001  0.9999  -0.4323   0.0000   0.0000   0.0000   0.3688
   2.000   0.3635   0.01508   0.00733  -0.0395  0.9450  0.9999  -0.6915   0.0000   0.0000   0.0000   0.3565
   3.000   0.5382   0.01376   0.00658  -0.0459  0.8275  0.9999  -1.0973   0.0000   0.0000   0.0000   0.3328
   5.000   0.7249   0.01717   0.00843  -0.0301  0.3265  0.9999  -2.3790   0.0000   0.0000   0.0000   0.2875
   6.000   0.8130   0.02253   0.01293  -0.0255  0.1383  0.9999  -3.1968   0.0000   0.0000   0.0000   0.2765
   7.000   0.9075   0.03093   0.02161  -0.0215  0.0752  0.9999  -3.8915   0.0000   0.0000   0.0000   0.2680
   8.000   0.9751   0.04446   0.03718  -0.0155  0.0599  0.9999  -4.2320   0.0000   0.0000   0.0000   0.2594
   9.000   0.9729   0.06455   0.05898  -0.0101  0.0620  0.9999  -4.0431   0.0000   0.0000   0.0000   0.2534
  10.000   0.7597   0.08297   0.07831  -0.0111  0.0727  0.9999  -2.9986   0.0000   0.0000   0.0000   0.2576
  11.000   0.6741   0.12599   0.12118  -0.0321  0.1556  0.9999  -1.8387   0.0000   0.0000   0.0000   0.2913
  12.000   0.6445   0.14049   0.13561  -0.0380  0.1400  0.9999  -1.6536   0.0000   0.0000   0.0000   0.3022
  13.000   0.6292   0.15067   0.14579  -0.0407  0.1206  0.9999  -1.5558   0.0000   0.0000   0.0000   0.3074
  14.000   0.6273   0.16188   0.15700  -0.0444  0.1081  0.9999  -1.4666   0.0000   0.0000   0.0000   0.3129
  15.000   0.6321   0.17326   0.16842  -0.0485  0.0960  0.9999  -1.3836   0.0000   0.0000   0.0000   0.3181
  16.000   0.6411   0.18480   0.17999  -0.0527  0.0845  0.9999  -1.3479   0.0000   0.0000   0.0000   0.3229
  17.000   0.6654   0.20006   0.19529  -0.0551  0.0758  0.9999  -1.4398   0.0000   0.0000   0.0000   0.3226
  18.000   0.6661   0.20850   0.20377  -0.0615  0.0667  0.9999  -1.3212   0.0000   0.0000   0.0000   0.3313
  19.000   0.6774   0.22075   0.21606  -0.0667  0.0602  0.9999  -1.2577   0.0000   0.0000   0.0000   0.3363
  20.000   0.6971   0.23437   0.22976  -0.0702  0.0526  0.9999  -1.2937   0.0000   0.0000   0.0000   0.3374
  21.000   0.7055   0.24637   0.24178  -0.0762  0.0499  0.9999  -1.1760   0.0000   0.0000   0.0000   0.3437
  22.000   0.7184   0.25871   0.25418  -0.0815  0.0437  0.9999  -1.1756   0.0000   0.0000   0.0000   0.3479
  23.000   0.7389   0.27646   0.27202  -0.0848  0.0398  0.9999  -1.2854   0.0000   0.0000   0.0000   0.3477
  24.000   0.7440   0.28549   0.28110  -0.0919  0.0365  0.9999  -1.1450   0.0000   0.0000   0.0000   0.3550
  25.000   0.7567   0.29898   0.29468  -0.0969  0.0323  0.9999  -1.1349   0.0000   0.0000   0.0000   0.3580
  26.000   0.7774   0.32030   0.31611  -0.0998  0.0296  0.9999  -1.2428   0.0000   0.0000   0.0000   0.3566
  27.000   0.7790   0.32778   0.32364  -0.1070  0.0287  0.9999  -1.0525   0.0000   0.0000   0.0000   0.3639
  28.000   0.7886   0.34120   0.33715  -0.1127  0.0255  0.9999  -1.0216   0.0000   0.0000   0.0000   0.3675
  29.000   0.7980   0.35525   0.35130  -0.1177  0.0225  0.9999  -1.0703   0.0000   0.0000   0.0000   0.3700


