xflr5 v6.61

 Calculated polar for: SJ4_11_06

 1 1 Reynolds number fixed          Mach number fixed         

 xtrf =   1.000 (top)        1.000 (bottom)
 Mach =   0.200     Re =     0.070 e 6     Ncrit =   9.000

  alpha     CL        CD       CDp       Cm    Top Xtr Bot Xtr   Cpmin    Chinge    XCp    
 ------- -------- --------- --------- -------- ------- ------- -------- --------- ---------
 -21.000  -0.8080   0.26719   0.26047   0.0692  1.0001  0.0625  -1.6515   0.0000   0.0000   0.0000   0.3144
 -20.000  -0.7843   0.26338   0.25670   0.0558  1.0001  0.0677  -1.7726   0.0000   0.0000   0.0000   0.3018
 -17.000  -0.6678   0.21583   0.20912   0.0352  1.0001  0.0901  -1.5863   0.0000   0.0000   0.0000   0.2870
 -16.000  -0.6341   0.20177   0.19510   0.0282  1.0001  0.0982  -1.5505   0.0000   0.0000   0.0000   0.2799
 -15.000  -0.6099   0.18905   0.18245   0.0200  1.0001  0.1084  -1.5943   0.0000   0.0000   0.0000   0.2694
 -14.000  -0.6056   0.18046   0.17394   0.0107  1.0001  0.1203  -1.7155   0.0000   0.0000   0.0000   0.2557
 -13.000  -0.5794   0.16476   0.15830   0.0055  1.0001  0.1347  -1.7021   0.0000   0.0000   0.0000   0.2485
 -12.000  -0.5551   0.14830   0.14191   0.0011  1.0001  0.1505  -1.6793   0.0000   0.0000   0.0000   0.2418
 -11.000  -0.5201   0.13177   0.12541  -0.0008  1.0001  0.1687  -1.6117   0.0000   0.0000   0.0000   0.2390
 -10.000  -0.5269   0.11879   0.11259  -0.0071  1.0001  0.1945  -1.7143   0.0000   0.0000   0.0000   0.2282
  -9.000  -0.4972   0.10237   0.09624  -0.0079  1.0001  0.2169  -1.6741   0.0000   0.0000   0.0000   0.2264
  -8.000  -0.6295   0.06058   0.05427  -0.0404  1.0001  0.1029  -2.8870   0.0000   0.0000   0.0000   0.1789
  -7.000  -0.6356   0.04209   0.03430  -0.0360  1.0001  0.1024  -3.0943   0.0000   0.0000   0.0000   0.1870
  -6.000  -0.5751   0.03095   0.02165  -0.0298  1.0001  0.1235  -2.8921   0.0000   0.0000   0.0000   0.1922
  -5.000  -0.4892   0.02471   0.01492  -0.0247  1.0001  0.1824  -2.4790   0.0000   0.0000   0.0000   0.1938
  -4.000  -0.3983   0.02071   0.01128  -0.0205  1.0001  0.3016  -1.9573   0.0000   0.0000   0.0000   0.1935
  -3.000  -0.3077   0.01792   0.00963  -0.0156  1.0001  0.5290  -1.4435   0.0000   0.0000   0.0000   0.1945
  -2.000  -0.2346   0.01710   0.01012  -0.0017  1.0001  0.8891  -1.0272   0.0000   0.0000   0.0000   0.2382
  -1.000  -0.1006   0.01737   0.00950  -0.0105  1.0001  0.9999  -0.6811   0.0000   0.0000   0.0000   0.1407
   0.000  -0.0342   0.01877   0.01043  -0.0077  1.0001  0.9999  -0.5106   0.0000   0.0000   0.0000   0.0215
   1.000   0.1968   0.02080   0.01222  -0.0333  0.9332  0.9999  -0.5797   0.0000   0.0000   0.0000   0.4166
   2.000   0.4152   0.01986   0.01147  -0.0502  0.8516  0.9999  -0.8352   0.0000   0.0000   0.0000   0.3677
   3.000   0.5520   0.01824   0.00989  -0.0477  0.7438  0.9999  -1.0844   0.0000   0.0000   0.0000   0.3326
   4.000   0.6531   0.01866   0.00988  -0.0404  0.6071  0.9999  -1.3482   0.0000   0.0000   0.0000   0.3072
   5.000   0.7486   0.02063   0.01123  -0.0343  0.4728  0.9999  -1.6605   0.0000   0.0000   0.0000   0.2903
   6.000   0.8418   0.02365   0.01389  -0.0294  0.3579  0.9999  -2.0505   0.0000   0.0000   0.0000   0.2784
   7.000   0.9351   0.02762   0.01763  -0.0252  0.2696  0.9999  -2.5519   0.0000   0.0000   0.0000   0.2694
   8.000   1.0212   0.03303   0.02343  -0.0206  0.2038  0.9999  -3.0917   0.0000   0.0000   0.0000   0.2615
   9.000   1.0927   0.04048   0.03161  -0.0149  0.1574  0.9999  -3.6142   0.0000   0.0000   0.0000   0.2538
  10.000   1.1262   0.05114   0.04340  -0.0070  0.1284  0.9999  -3.9707   0.0000   0.0000   0.0000   0.2453
  11.000   1.0764   0.06652   0.05989   0.0025  0.1182  0.9999  -3.9313   0.0000   0.0000   0.0000   0.2356
  12.000   0.9491   0.09613   0.09004  -0.0072  0.1220  0.9999  -3.3749   0.0000   0.0000   0.0000   0.2443
  14.000   0.5764   0.15650   0.15048  -0.0320  0.2068  0.9999  -1.2938   0.0000   0.0000   0.0000   0.2950
  15.000   0.5812   0.16608   0.16016  -0.0347  0.1813  0.9999  -1.2851   0.0000   0.0000   0.0000   0.2985
  16.000   0.5949   0.17836   0.17251  -0.0378  0.1633  0.9999  -1.2869   0.0000   0.0000   0.0000   0.3017
  17.000   0.5940   0.18707   0.18130  -0.0428  0.1451  0.9999  -1.2216   0.0000   0.0000   0.0000   0.3093
  18.000   0.6060   0.19816   0.19245  -0.0471  0.1301  0.9999  -1.2011   0.0000   0.0000   0.0000   0.3141
  19.000   0.6196   0.20970   0.20406  -0.0515  0.1175  0.9999  -1.1852   0.0000   0.0000   0.0000   0.3186
  20.000   0.6349   0.22175   0.21620  -0.0559  0.1060  0.9999  -1.1856   0.0000   0.0000   0.0000   0.3225
  21.000   0.6625   0.23811   0.23266  -0.0590  0.0952  0.9999  -1.2486   0.0000   0.0000   0.0000   0.3221
  22.000   0.6637   0.24557   0.24020  -0.0655  0.0851  0.9999  -1.1676   0.0000   0.0000   0.0000   0.3306
  23.000   0.6746   0.25800   0.25269  -0.0710  0.0792  0.9999  -1.1216   0.0000   0.0000   0.0000   0.3360
  24.000   0.6996   0.27528   0.27008  -0.0742  0.0711  0.9999  -1.2032   0.0000   0.0000   0.0000   0.3352
  25.000   0.7007   0.28348   0.27835  -0.0814  0.0652  0.9999  -1.0946   0.0000   0.0000   0.0000   0.3439
  26.000   0.7177   0.29878   0.29375  -0.0856  0.0601  0.9999  -1.1420   0.0000   0.0000   0.0000   0.3452
  27.000   0.7247   0.30991   0.30498  -0.0919  0.0543  0.9999  -1.0587   0.0000   0.0000   0.0000   0.3511
  28.000   0.7404   0.32607   0.32125  -0.0960  0.0506  0.9999  -1.1269   0.0000   0.0000   0.0000   0.3520
  29.000   0.7453   0.33701   0.33229  -0.1026  0.0459  0.9999  -1.0475   0.0000   0.0000   0.0000   0.3581


