xflr5 v6.61

 Calculated polar for: SJ4_7_45

 1 1 Reynolds number fixed          Mach number fixed         

 xtrf =   1.000 (top)        1.000 (bottom)
 Mach =   0.200     Re =     0.025 e 6     Ncrit =   9.000

  alpha     CL        CD       CDp       Cm    Top Xtr Bot Xtr   Cpmin    Chinge    XCp    
 ------- -------- --------- --------- -------- ------- ------- -------- --------- ---------
 -30.000  -1.1743   0.38588   0.37615   0.1753  1.0001  0.0689  -1.8221   0.0000   0.0000   0.0000   0.3678
 -29.000  -1.1456   0.37390   0.36403   0.1651  1.0001  0.0746  -1.7904   0.0000   0.0000   0.0000   0.3650
 -28.000  -1.1172   0.36972   0.35969   0.1529  1.0001  0.0791  -1.8137   0.0000   0.0000   0.0000   0.3602
 -27.000  -1.0857   0.35392   0.34383   0.1434  1.0001  0.0829  -1.7712   0.0000   0.0000   0.0000   0.3574
 -26.000  -1.0538   0.34287   0.33266   0.1332  1.0001  0.0904  -1.7328   0.0000   0.0000   0.0000   0.3538
 -25.000  -1.0225   0.33362   0.32333   0.1224  1.0001  0.0951  -1.7158   0.0000   0.0000   0.0000   0.3491
 -24.000  -0.9886   0.32147   0.31108   0.1130  1.0001  0.1052  -1.6514   0.0000   0.0000   0.0000   0.3454
 -23.000  -0.9537   0.30750   0.29707   0.1041  1.0001  0.1126  -1.6091   0.0000   0.0000   0.0000   0.3417
 -22.000  -0.9261   0.30554   0.29505   0.0926  1.0001  0.1208  -1.6617   0.0000   0.0000   0.0000   0.3345
 -21.000  -0.8865   0.28623   0.27568   0.0853  1.0001  0.1332  -1.6090   0.0000   0.0000   0.0000   0.3319
 -20.000  -0.8499   0.27169   0.26113   0.0774  1.0001  0.1452  -1.5756   0.0000   0.0000   0.0000   0.3280
 -19.000  -0.8154   0.25933   0.24879   0.0693  1.0001  0.1595  -1.5476   0.0000   0.0000   0.0000   0.3232
 -18.000  -0.7862   0.25020   0.23964   0.0610  1.0001  0.1760  -1.5322   0.0000   0.0000   0.0000   0.3170
 -17.000  -0.7466   0.23281   0.22228   0.0551  1.0001  0.1953  -1.4515   0.0000   0.0000   0.0000   0.3141
 -16.000  -0.7185   0.22228   0.21181   0.0483  1.0001  0.2176  -1.4611   0.0000   0.0000   0.0000   0.3086
 -15.000  -0.6827   0.20675   0.19626   0.0433  1.0001  0.2437  -1.4480   0.0000   0.0000   0.0000   0.3055
 -14.000  -0.6591   0.19540   0.18503   0.0385  1.0001  0.2745  -1.4571   0.0000   0.0000   0.0000   0.3013
 -13.000  -0.6282   0.18052   0.17024   0.0356  1.0001  0.3164  -1.4288   0.0000   0.0000   0.0000   0.3002
 -12.000  -0.5979   0.16531   0.15507   0.0335  1.0001  0.3624  -1.3922   0.0000   0.0000   0.0000   0.3001
 -11.000  -0.5675   0.15018   0.14003   0.0328  1.0001  0.4203  -1.3394   0.0000   0.0000   0.0000   0.3023
 -10.000  -0.5352   0.13508   0.12504   0.0343  1.0001  0.5049  -1.3222   0.0000   0.0000   0.0000   0.3089
  -9.000  -0.4954   0.11943   0.10942   0.0371  1.0001  0.6150  -1.3155   0.0000   0.0000   0.0000   0.3199
  -8.000  -0.4166   0.09956   0.08949   0.0366  1.0001  0.7852  -1.2645   0.0000   0.0000   0.0000   0.3325
  -6.000  -0.5208   0.07200   0.06268  -0.0139  1.0001  0.2592  -1.9679   0.0000   0.0000   0.0000   0.2212
  -5.000  -0.4602   0.05195   0.04162  -0.0279  1.0001  0.2306  -2.1206   0.0000   0.0000   0.0000   0.1872
  -4.000  -0.3606   0.03696   0.02495  -0.0314  1.0001  0.2643  -2.0409   0.0000   0.0000   0.0000   0.1608
  -3.000  -0.1738   0.02276   0.01186  -0.0305  1.0001  0.9999  -1.7414   0.0000   0.0000   0.0000   0.0705
  -2.000  -0.1120   0.02161   0.00846  -0.0255  1.0001  0.9999  -1.2119   0.0000   0.0000   0.0000   0.0188
  -1.000  -0.0291   0.02152   0.00696  -0.0215  1.0001  0.9999  -0.6886   0.0000   0.0000   0.0000  -0.4983
   0.000   0.0575   0.02194   0.00659  -0.0184  1.0001  0.9999  -0.3207   0.0000   0.0000   0.0000   0.5699
   1.000   0.1440   0.02291   0.00729  -0.0161  1.0001  0.9999  -0.4205   0.0000   0.0000   0.0000   0.3598
   2.000   0.2265   0.02469   0.00921  -0.0147  1.0001  0.9999  -0.5464   0.0000   0.0000   0.0000   0.3124
   3.000   0.2993   0.02790   0.01290  -0.0151  1.0001  0.9999  -0.6944   0.0000   0.0000   0.0000   0.2972
   4.000   0.3552   0.03379   0.01951  -0.0189  1.0001  0.9999  -0.8434   0.0000   0.0000   0.0000   0.2993
   5.000   0.7184   0.03945   0.02851  -0.0539  0.6596  0.9999  -1.9012   0.0000   0.0000   0.0000   0.3215
   6.000   0.8171   0.04458   0.03381  -0.0329  0.4030  0.9999  -2.5281   0.0000   0.0000   0.0000   0.2862
   7.000   0.8736   0.05971   0.04964  -0.0264  0.2935  0.9999  -2.7885   0.0000   0.0000   0.0000   0.2756
   8.000   0.8521   0.08255   0.07311  -0.0323  0.2762  0.9999  -2.5825   0.0000   0.0000   0.0000   0.2829
   9.000   0.7932   0.10901   0.09924  -0.0501  0.3156  0.9999  -2.1654   0.0000   0.0000   0.0000   0.3074
  10.000   0.7078   0.13441   0.12414  -0.0824  0.6330  0.9999  -1.6077   0.0000   0.0000   0.0000   0.3594
  11.000   0.7309   0.14987   0.13978  -0.0816  0.5564  0.9999  -1.6240   0.0000   0.0000   0.0000   0.3540
  12.000   0.7745   0.16880   0.15885  -0.0824  0.4785  0.9999  -1.6577   0.0000   0.0000   0.0000   0.3481
  13.000   0.7995   0.18388   0.17394  -0.0836  0.4197  0.9999  -1.6915   0.0000   0.0000   0.0000   0.3455
  14.000   0.8269   0.19852   0.18864  -0.0864  0.3694  0.9999  -1.7078   0.0000   0.0000   0.0000   0.3444
  15.000   0.8686   0.21766   0.20782  -0.0898  0.3231  0.9999  -1.7388   0.0000   0.0000   0.0000   0.3423
  16.000   0.8893   0.22820   0.21831  -0.0955  0.2898  0.9999  -1.7057   0.0000   0.0000   0.0000   0.3451
  17.000   0.9227   0.24273   0.23286  -0.1015  0.2581  0.9999  -1.7566   0.0000   0.0000   0.0000   0.3465
  18.000   0.9570   0.25726   0.24746  -0.1081  0.2291  0.9999  -1.7946   0.0000   0.0000   0.0000   0.3480
  19.000   0.9914   0.27196   0.26217  -0.1156  0.2087  0.9999  -1.8109   0.0000   0.0000   0.0000   0.3503
  20.000   1.0255   0.28524   0.27549  -0.1236  0.1870  0.9999  -1.8176   0.0000   0.0000   0.0000   0.3526
  21.000   1.0625   0.30214   0.29249  -0.1313  0.1692  0.9999  -1.8305   0.0000   0.0000   0.0000   0.3541
  22.000   1.0948   0.31383   0.30421  -0.1407  0.1548  0.9999  -1.8625   0.0000   0.0000   0.0000   0.3573
  23.000   1.1293   0.32825   0.31870  -0.1497  0.1417  0.9999  -1.9193   0.0000   0.0000   0.0000   0.3595
  24.000   1.1643   0.34463   0.33516  -0.1586  0.1288  0.9999  -1.9762   0.0000   0.0000   0.0000   0.3612
  25.000   1.1945   0.35267   0.34336  -0.1694  0.1170  0.9999  -1.9847   0.0000   0.0000   0.0000   0.3646
  26.000   1.2241   0.36087   0.35160  -0.1810  0.1088  0.9999  -1.9663   0.0000   0.0000   0.0000   0.3683
  27.000   1.2568   0.37774   0.36858  -0.1902  0.1014  0.9999  -2.0000   0.0000   0.0000   0.0000   0.3696
  28.000   1.2855   0.38477   0.37579  -0.2021  0.0933  0.9999  -1.9767   0.0000   0.0000   0.0000   0.3729
  29.000   1.3149   0.39946   0.39059  -0.2123  0.0880  0.9999  -2.0137   0.0000   0.0000   0.0000   0.3745
  30.000   1.3419   0.40668   0.39795  -0.2242  0.0804  0.9999  -2.0556   0.0000   0.0000   0.0000   0.3773


