xflr5 v6.61

 Calculated polar for: SJ4_8_00

 1 1 Reynolds number fixed          Mach number fixed         

 xtrf =   1.000 (top)        1.000 (bottom)
 Mach =   0.200     Re =     0.125 e 6     Ncrit =   9.000

  alpha     CL        CD       CDp       Cm    Top Xtr Bot Xtr   Cpmin    Chinge    XCp    
 ------- -------- --------- --------- -------- ------- ------- -------- --------- ---------
 -30.000  -0.6991   0.34185   0.33814   0.0879  1.0001  0.0142  -1.0222   0.0000   0.0000   0.0000   0.3544
 -29.000  -0.6870   0.32676   0.32300   0.0825  1.0001  0.0146  -1.0032   0.0000   0.0000   0.0000   0.3507
 -28.000  -0.6741   0.31337   0.30953   0.0773  1.0001  0.0159  -0.9603   0.0000   0.0000   0.0000   0.3471
 -27.000  -0.6606   0.30097   0.29704   0.0717  1.0001  0.0174  -0.9748   0.0000   0.0000   0.0000   0.3425
 -26.000  -0.6461   0.28869   0.28469   0.0660  1.0001  0.0190  -0.9963   0.0000   0.0000   0.0000   0.3375
 -25.000  -0.6315   0.27785   0.27378   0.0597  1.0001  0.0205  -1.0529   0.0000   0.0000   0.0000   0.3313
 -24.000  -0.6225   0.27091   0.26680   0.0528  1.0001  0.0209  -1.1480   0.0000   0.0000   0.0000   0.3227
 -23.000  -0.5992   0.25248   0.24831   0.0490  1.0001  0.0223  -1.0247   0.0000   0.0000   0.0000   0.3208
 -22.000  -0.5811   0.24078   0.23656   0.0441  1.0001  0.0250  -1.0128   0.0000   0.0000   0.0000   0.3159
 -21.000  -0.5634   0.22957   0.22530   0.0387  1.0001  0.0279  -1.0603   0.0000   0.0000   0.0000   0.3096
 -20.000  -0.5524   0.22259   0.21825   0.0318  1.0001  0.0298  -1.2083   0.0000   0.0000   0.0000   0.2993
 -19.000  -0.5375   0.21098   0.20664   0.0264  1.0001  0.0305  -1.2719   0.0000   0.0000   0.0000   0.2915
 -18.000  -0.5097   0.19635   0.19197   0.0236  1.0001  0.0339  -1.1022   0.0000   0.0000   0.0000   0.2895
 -17.000  -0.4924   0.18627   0.18186   0.0187  1.0001  0.0391  -1.0933   0.0000   0.0000   0.0000   0.2817
 -16.000  -0.5032   0.18515   0.18075   0.0108  1.0001  0.0412  -1.3763   0.0000   0.0000   0.0000   0.2657
 -15.000  -0.4608   0.16550   0.16106   0.0100  1.0001  0.0460  -1.2002   0.0000   0.0000   0.0000   0.2664
 -14.000  -0.4536   0.15713   0.15268   0.0052  1.0001  0.0523  -1.2977   0.0000   0.0000   0.0000   0.2564
 -13.000  -0.4803   0.15403   0.14961  -0.0020  1.0001  0.0536  -1.6047   0.0000   0.0000   0.0000   0.2410
 -12.000  -0.4373   0.13610   0.13165  -0.0005  1.0001  0.0616  -1.3301   0.0000   0.0000   0.0000   0.2443
 -11.000  -0.4652   0.12600   0.12167  -0.0104  1.0001  0.0665  -1.6569   0.0000   0.0000   0.0000   0.2234
 -10.000  -0.4429   0.10976   0.10545  -0.0109  1.0001  0.0789  -1.5031   0.0000   0.0000   0.0000   0.2217
  -9.000  -0.4304   0.09375   0.08952  -0.0123  1.0001  0.0891  -1.5058   0.0000   0.0000   0.0000   0.2181
  -8.000  -0.4393   0.07696   0.07288  -0.0171  1.0001  0.0988  -1.6272   0.0000   0.0000   0.0000   0.2082
  -5.000  -0.4316   0.02660   0.01904  -0.0345  1.0001  0.0492  -2.9219   0.0000   0.0000   0.0000   0.1666
  -4.000  -0.3338   0.01877   0.01002  -0.0303  1.0001  0.0600  -2.5226   0.0000   0.0000   0.0000   0.1559
  -3.000  -0.2322   0.01353   0.00557  -0.0280  1.0001  0.2222  -2.0838   0.0000   0.0000   0.0000   0.1262
  -2.000  -0.1249   0.01070   0.00520  -0.0234  1.0001  0.9912  -1.2682   0.0000   0.0000   0.0000   0.0589
  -1.000  -0.0339   0.01093   0.00469  -0.0209  1.0001  0.9999  -0.6903   0.0000   0.0000   0.0000  -0.3731
   0.000   0.0606   0.01174   0.00513  -0.0197  1.0001  0.9999  -0.3422   0.0000   0.0000   0.0000   0.5737
   1.000   0.2527   0.01246   0.00575  -0.0371  0.9600  0.9999  -0.5267   0.0000   0.0000   0.0000   0.3950
   2.000   0.4324   0.01165   0.00518  -0.0477  0.8873  0.9999  -0.7826   0.0000   0.0000   0.0000   0.3581
   3.000   0.5417   0.01118   0.00462  -0.0420  0.7458  0.9999  -1.1159   0.0000   0.0000   0.0000   0.3249
   4.000   0.6384   0.01252   0.00521  -0.0360  0.5317  0.9999  -1.5353   0.0000   0.0000   0.0000   0.3030
   5.000   0.7327   0.01502   0.00686  -0.0318  0.3148  0.9999  -2.2104   0.0000   0.0000   0.0000   0.2892
   6.000   0.8248   0.01875   0.00994  -0.0283  0.1518  0.9999  -3.0327   0.0000   0.0000   0.0000   0.2791
   7.000   0.9158   0.02418   0.01526  -0.0244  0.0777  0.9999  -3.8630   0.0000   0.0000   0.0000   0.2705
   8.000   1.0027   0.03325   0.02517  -0.0199  0.0504  0.9999  -4.5796   0.0000   0.0000   0.0000   0.2627
   9.000   1.0419   0.04795   0.04205  -0.0121  0.0448  0.9999  -4.7477   0.0000   0.0000   0.0000   0.2537
  10.000   1.0192   0.06329   0.05846  -0.0054  0.0420  0.9999  -4.7576   0.0000   0.0000   0.0000   0.2464
  11.000   0.8968   0.09811   0.09393  -0.0254  0.0506  0.9999  -3.7227   0.0000   0.0000   0.0000   0.2687
  12.000   0.6485   0.13446   0.13028  -0.0349  0.1091  0.9999  -1.7514   0.0000   0.0000   0.0000   0.2963
  13.000   0.6313   0.14631   0.14213  -0.0381  0.0967  0.9999  -1.6398   0.0000   0.0000   0.0000   0.3024
  14.000   0.6434   0.15980   0.15568  -0.0400  0.0883  0.9999  -1.6539   0.0000   0.0000   0.0000   0.3035
  15.000   0.6531   0.17263   0.16852  -0.0432  0.0759  0.9999  -1.6331   0.0000   0.0000   0.0000   0.3068
  16.000   0.6416   0.18123   0.17713  -0.0503  0.0662  0.9999  -1.4293   0.0000   0.0000   0.0000   0.3183
  17.000   0.6487   0.19364   0.18955  -0.0555  0.0613  0.9999  -1.3614   0.0000   0.0000   0.0000   0.3247
  18.000   0.6858   0.21192   0.20791  -0.0564  0.0515  0.9999  -1.5873   0.0000   0.0000   0.0000   0.3203
  19.000   0.6718   0.21774   0.21373  -0.0656  0.0476  0.9999  -1.2857   0.0000   0.0000   0.0000   0.3349
  20.000   0.6892   0.23019   0.22624  -0.0695  0.0415  0.9999  -1.3234   0.0000   0.0000   0.0000   0.3370
  21.000   0.7041   0.24507   0.24115  -0.0740  0.0396  0.9999  -1.2722   0.0000   0.0000   0.0000   0.3401
  22.000   0.7122   0.25598   0.25213  -0.0807  0.0345  0.9999  -1.1710   0.0000   0.0000   0.0000   0.3472


