xflr5 v6.61

 Calculated polar for: SJ4_12_86

 1 1 Reynolds number fixed          Mach number fixed         

 xtrf =   1.000 (top)        1.000 (bottom)
 Mach =   0.200     Re =     0.080 e 6     Ncrit =   9.000

  alpha     CL        CD       CDp       Cm    Top Xtr Bot Xtr   Cpmin    Chinge    XCp    
 ------- -------- --------- --------- -------- ------- ------- -------- --------- ---------
 -30.000  -1.0788   0.36412   0.35805   0.1513  1.0001  0.0350  -1.8927   0.0000   0.0000   0.0000   0.3455
 -29.000  -1.0480   0.35400   0.34784   0.1403  1.0001  0.0382  -1.8565   0.0000   0.0000   0.0000   0.3419
 -28.000  -1.0171   0.34462   0.33844   0.1281  1.0001  0.0398  -1.9061   0.0000   0.0000   0.0000   0.3365
 -27.000  -0.9833   0.33220   0.32595   0.1189  1.0001  0.0429  -1.7990   0.0000   0.0000   0.0000   0.3340
 -26.000  -0.9538   0.32650   0.32024   0.1051  1.0001  0.0460  -1.8959   0.0000   0.0000   0.0000   0.3257
 -25.000  -0.9148   0.30945   0.30311   0.0982  1.0001  0.0494  -1.7472   0.0000   0.0000   0.0000   0.3249
 -24.000  -0.8844   0.30239   0.29603   0.0852  1.0001  0.0533  -1.8349   0.0000   0.0000   0.0000   0.3160
 -23.000  -0.8437   0.28570   0.27930   0.0785  1.0001  0.0575  -1.6825   0.0000   0.0000   0.0000   0.3145
 -22.000  -0.8188   0.28098   0.27462   0.0646  1.0001  0.0620  -1.8275   0.0000   0.0000   0.0000   0.3024
 -21.000  -0.7713   0.26114   0.25471   0.0599  1.0001  0.0673  -1.6458   0.0000   0.0000   0.0000   0.3025
 -20.000  -0.7394   0.24955   0.24313   0.0492  1.0001  0.0727  -1.6820   0.0000   0.0000   0.0000   0.2932
 -19.000  -0.7025   0.23711   0.23069   0.0411  1.0001  0.0813  -1.6373   0.0000   0.0000   0.0000   0.2866
 -18.000  -0.6645   0.22252   0.21610   0.0341  1.0001  0.0867  -1.5978   0.0000   0.0000   0.0000   0.2807
 -17.000  -0.6390   0.21080   0.20444   0.0243  1.0001  0.0955  -1.6537   0.0000   0.0000   0.0000   0.2688
 -16.000  -0.6155   0.20021   0.19387   0.0159  1.0001  0.1068  -1.6687   0.0000   0.0000   0.0000   0.2580
 -15.000  -0.5697   0.18279   0.17645   0.0122  1.0001  0.1178  -1.5765   0.0000   0.0000   0.0000   0.2543
 -14.000  -0.5418   0.16877   0.16247   0.0063  1.0001  0.1307  -1.5696   0.0000   0.0000   0.0000   0.2457
 -13.000  -0.5193   0.15466   0.14842   0.0008  1.0001  0.1450  -1.5712   0.0000   0.0000   0.0000   0.2367
 -12.000  -0.5106   0.14096   0.13478  -0.0053  1.0001  0.1635  -1.6442   0.0000   0.0000   0.0000   0.2261
 -11.000  -0.5326   0.12705   0.12104  -0.0143  1.0001  0.1810  -1.8228   0.0000   0.0000   0.0000   0.2112
 -10.000  -0.5968   0.08298   0.07709  -0.0390  1.0001  0.1086  -2.7042   0.0000   0.0000   0.0000   0.1730
  -9.000  -0.7195   0.05579   0.04943  -0.0461  1.0001  0.1003  -3.3427   0.0000   0.0000   0.0000   0.1762
  -8.000  -0.7516   0.04049   0.03228  -0.0349  1.0001  0.1073  -3.4986   0.0000   0.0000   0.0000   0.1946
  -7.000  -0.6934   0.03261   0.02379  -0.0276  1.0001  0.1322  -3.1361   0.0000   0.0000   0.0000   0.2021
  -6.000  -0.6177   0.02707   0.01779  -0.0217  1.0001  0.1732  -2.6926   0.0000   0.0000   0.0000   0.2075
  -5.000  -0.5319   0.02331   0.01395  -0.0170  1.0001  0.2359  -2.2046   0.0000   0.0000   0.0000   0.2112
  -4.000  -0.4412   0.02079   0.01171  -0.0134  1.0001  0.3330  -1.7289   0.0000   0.0000   0.0000   0.2133
  -3.000  -0.3494   0.01916   0.01085  -0.0102  1.0001  0.4859  -1.3239   0.0000   0.0000   0.0000   0.2151
  -2.000  -0.2684   0.01849   0.01132  -0.0036  1.0001  0.7125  -1.0350   0.0000   0.0000   0.0000   0.2315
  -1.000  -0.0981   0.02045   0.01352  -0.0120  0.9947  0.9999  -0.7080   0.0000   0.0000   0.0000   0.1201
   0.000   0.1279   0.02093   0.01340  -0.0381  0.9328  0.9999  -0.5501   0.0000   0.0000   0.0000   0.5471
   1.000   0.3414   0.01970   0.01204  -0.0557  0.8663  0.9999  -0.7620   0.0000   0.0000   0.0000   0.4103
   2.000   0.4770   0.01784   0.01005  -0.0550  0.7814  0.9999  -0.9586   0.0000   0.0000   0.0000   0.3614
   3.000   0.5758   0.01749   0.00929  -0.0479  0.6742  0.9999  -1.1556   0.0000   0.0000   0.0000   0.3285
   4.000   0.6670   0.01852   0.00976  -0.0411  0.5626  0.9999  -1.3746   0.0000   0.0000   0.0000   0.3060
   5.000   0.7584   0.02037   0.01112  -0.0355  0.4610  0.9999  -1.6309   0.0000   0.0000   0.0000   0.2902
   6.000   0.8509   0.02286   0.01326  -0.0308  0.3742  0.9999  -1.9299   0.0000   0.0000   0.0000   0.2786
   7.000   0.9418   0.02603   0.01638  -0.0265  0.3020  0.9999  -2.2747   0.0000   0.0000   0.0000   0.2694
   8.000   1.0338   0.02992   0.02016  -0.0227  0.2457  0.9999  -2.7084   0.0000   0.0000   0.0000   0.2620
   9.000   1.1135   0.03492   0.02562  -0.0176  0.2011  0.9999  -3.1773   0.0000   0.0000   0.0000   0.2547
  10.000   1.1828   0.04148   0.03265  -0.0120  0.1675  0.9999  -3.6650   0.0000   0.0000   0.0000   0.2478
  11.000   1.2025   0.05054   0.04281  -0.0025  0.1439  0.9999  -3.9749   0.0000   0.0000   0.0000   0.2384
  12.000   0.8470   0.10956   0.10323  -0.0192  0.1620  0.9999  -2.4125   0.0000   0.0000   0.0000   0.2580
  13.000   0.7980   0.14094   0.13459  -0.0331  0.1669  0.9999  -2.0717   0.0000   0.0000   0.0000   0.2761
  14.000   0.7552   0.17023   0.16390  -0.0510  0.2038  0.9999  -1.6677   0.0000   0.0000   0.0000   0.3016
  15.000   0.8072   0.18830   0.18211  -0.0531  0.1830  0.9999  -1.8371   0.0000   0.0000   0.0000   0.2986
  16.000   0.8019   0.19996   0.19374  -0.0639  0.1633  0.9999  -1.7266   0.0000   0.0000   0.0000   0.3109
  17.000   0.8311   0.21409   0.20793  -0.0711  0.1445  0.9999  -1.7641   0.0000   0.0000   0.0000   0.3152
  18.000   0.8632   0.22838   0.22227  -0.0787  0.1291  0.9999  -1.8012   0.0000   0.0000   0.0000   0.3191
  19.000   0.8947   0.24245   0.23639  -0.0873  0.1159  0.9999  -1.8318   0.0000   0.0000   0.0000   0.3238
  20.000   0.9265   0.25625   0.25022  -0.0966  0.1042  0.9999  -1.8383   0.0000   0.0000   0.0000   0.3285
  21.000   0.9594   0.26998   0.26399  -0.1061  0.0947  0.9999  -1.8642   0.0000   0.0000   0.0000   0.3329
  22.000   0.9993   0.28616   0.28024  -0.1130  0.0872  0.9999  -1.9620   0.0000   0.0000   0.0000   0.3334
  25.000   0.6756   0.27509   0.27016  -0.0742  0.0692  0.9999  -1.0939   0.0000   0.0000   0.0000   0.3360
  26.000   0.6870   0.28801   0.28317  -0.0797  0.0640  0.9999  -1.0672   0.0000   0.0000   0.0000   0.3406
  27.000   0.7065   0.30294   0.29821  -0.0836  0.0581  0.9999  -1.1515   0.0000   0.0000   0.0000   0.3408
  28.000   0.7102   0.31386   0.30921  -0.0905  0.0530  0.9999  -1.0398   0.0000   0.0000   0.0000   0.3483
  29.000   0.7231   0.32793   0.32337  -0.0951  0.0496  0.9999  -1.0806   0.0000   0.0000   0.0000   0.3504
  30.000   0.7304   0.34025   0.33580  -0.1012  0.0446  0.9999  -1.0347   0.0000   0.0000   0.0000   0.3553


