xflr5 v6.61

 Calculated polar for: SJ4_8_70

 1 1 Reynolds number fixed          Mach number fixed         

 xtrf =   1.000 (top)        1.000 (bottom)
 Mach =   0.200     Re =     0.125 e 6     Ncrit =   9.000

  alpha     CL        CD       CDp       Cm    Top Xtr Bot Xtr   Cpmin    Chinge    XCp    
 ------- -------- --------- --------- -------- ------- ------- -------- --------- ---------
 -30.000  -1.1573   0.38273   0.37822   0.1751  1.0001  0.0136  -2.0269   0.0000   0.0000   0.0000   0.3665
 -29.000  -1.1301   0.36996   0.36537   0.1657  1.0001  0.0147  -1.8674   0.0000   0.0000   0.0000   0.3644
 -28.000  -1.0997   0.35911   0.35446   0.1549  1.0001  0.0159  -1.8481   0.0000   0.0000   0.0000   0.3610
 -27.000  -1.0674   0.34786   0.34316   0.1440  1.0001  0.0173  -1.8540   0.0000   0.0000   0.0000   0.3573
 -26.000  -1.0336   0.33921   0.33446   0.1315  1.0001  0.0182  -1.9518   0.0000   0.0000   0.0000   0.3516
 -25.000  -1.0005   0.32484   0.32007   0.1219  1.0001  0.0187  -1.8954   0.0000   0.0000   0.0000   0.3482
 -24.000  -0.9667   0.31192   0.30710   0.1131  1.0001  0.0206  -1.7401   0.0000   0.0000   0.0000   0.3453
 -23.000  -0.9312   0.29968   0.29481   0.1031  1.0001  0.0230  -1.7244   0.0000   0.0000   0.0000   0.3408
 -22.000  -0.8972   0.29183   0.28696   0.0902  1.0001  0.0245  -1.8970   0.0000   0.0000   0.0000   0.3322
 -21.000  -0.8600   0.27403   0.26915   0.0831  1.0001  0.0255  -1.8012   0.0000   0.0000   0.0000   0.3298
 -20.000  -0.8235   0.26075   0.25583   0.0751  1.0001  0.0281  -1.6922   0.0000   0.0000   0.0000   0.3258
 -19.000  -0.7874   0.24834   0.24342   0.0652  1.0001  0.0318  -1.7077   0.0000   0.0000   0.0000   0.3186
 -18.000  -0.7542   0.23444   0.22955   0.0557  1.0001  0.0337  -1.7336   0.0000   0.0000   0.0000   0.3109
 -17.000  -0.7170   0.22000   0.21508   0.0496  1.0001  0.0375  -1.6361   0.0000   0.0000   0.0000   0.3074
 -16.000  -0.6886   0.20856   0.20368   0.0390  1.0001  0.0422  -1.7661   0.0000   0.0000   0.0000   0.2959
 -15.000  -0.6561   0.19187   0.18703   0.0327  1.0001  0.0444  -1.7443   0.0000   0.0000   0.0000   0.2900
 -14.000  -0.6239   0.17761   0.17276   0.0272  1.0001  0.0506  -1.6482   0.0000   0.0000   0.0000   0.2847
 -13.000  -0.6073   0.16313   0.15836   0.0183  1.0001  0.0558  -1.7553   0.0000   0.0000   0.0000   0.2721
 -12.000  -0.5794   0.14838   0.14363   0.0140  1.0001  0.0640  -1.6826   0.0000   0.0000   0.0000   0.2668
 -11.000  -0.5683   0.13251   0.12786   0.0065  1.0001  0.0692  -1.8115   0.0000   0.0000   0.0000   0.2549
 -10.000  -0.5659   0.11804   0.11349  -0.0039  1.0001  0.0794  -1.9746   0.0000   0.0000   0.0000   0.2373
  -9.000  -0.5407   0.10175   0.09727  -0.0051  1.0001  0.0879  -1.8728   0.0000   0.0000   0.0000   0.2354
  -6.000  -0.5246   0.03489   0.02826  -0.0365  1.0001  0.0529  -3.0814   0.0000   0.0000   0.0000   0.1762
  -5.000  -0.4430   0.02346   0.01502  -0.0316  1.0001  0.0556  -2.9670   0.0000   0.0000   0.0000   0.1745
  -4.000  -0.3458   0.01757   0.00871  -0.0276  1.0001  0.0808  -2.4913   0.0000   0.0000   0.0000   0.1664
  -3.000  -0.2461   0.01312   0.00572  -0.0259  1.0001  0.3474  -1.8890   0.0000   0.0000   0.0000   0.1410
  -2.000  -0.1613   0.01126   0.00578  -0.0166  1.0001  0.9267  -1.2273   0.0000   0.0000   0.0000   0.1435
  -1.000  -0.0499   0.01152   0.00536  -0.0183  1.0001  0.9999  -0.6528   0.0000   0.0000   0.0000  -0.1214
   0.000   0.0646   0.01248   0.00593  -0.0215  0.9929  0.9999  -0.3648   0.0000   0.0000   0.0000   0.5819
   1.000   0.2787   0.01272   0.00610  -0.0421  0.9440  0.9999  -0.5698   0.0000   0.0000   0.0000   0.3993
   2.000   0.4344   0.01177   0.00531  -0.0472  0.8652  0.9999  -0.8089   0.0000   0.0000   0.0000   0.3564
   3.000   0.5405   0.01144   0.00478  -0.0413  0.7268  0.9999  -1.0831   0.0000   0.0000   0.0000   0.3234
   4.000   0.6378   0.01274   0.00535  -0.0356  0.5333  0.9999  -1.4576   0.0000   0.0000   0.0000   0.3022
   5.000   0.7331   0.01505   0.00690  -0.0316  0.3424  0.9999  -2.0209   0.0000   0.0000   0.0000   0.2886
   6.000   0.8267   0.01823   0.00954  -0.0282  0.1953  0.9999  -2.7475   0.0000   0.0000   0.0000   0.2786
   7.000   0.9174   0.02261   0.01369  -0.0244  0.1065  0.9999  -3.5471   0.0000   0.0000   0.0000   0.2702
   8.000   1.0065   0.02953   0.02097  -0.0203  0.0652  0.9999  -4.3077   0.0000   0.0000   0.0000   0.2626
   9.000   1.0726   0.04031   0.03326  -0.0140  0.0504  0.9999  -4.8095   0.0000   0.0000   0.0000   0.2546
  10.000   1.0885   0.05439   0.04848  -0.0069  0.0438  0.9999  -5.1272   0.0000   0.0000   0.0000   0.2468
  11.000   1.0164   0.07107   0.06635  -0.0018  0.0446  0.9999  -4.8357   0.0000   0.0000   0.0000   0.2412


