xflr5 v6.61

 Calculated polar for: SJ4_8_70

 1 1 Reynolds number fixed          Mach number fixed         

 xtrf =   1.000 (top)        1.000 (bottom)
 Mach =   0.200     Re =     0.025 e 6     Ncrit =   9.000

  alpha     CL        CD       CDp       Cm    Top Xtr Bot Xtr   Cpmin    Chinge    XCp    
 ------- -------- --------- --------- -------- ------- ------- -------- --------- ---------
 -30.000  -1.1528   0.38290   0.37290   0.1689  1.0001  0.0781  -1.8373   0.0000   0.0000   0.0000   0.3624
 -29.000  -1.1261   0.38019   0.37012   0.1563  1.0001  0.0805  -1.8690   0.0000   0.0000   0.0000   0.3574
 -28.000  -1.0936   0.36036   0.35012   0.1479  1.0001  0.0878  -1.7845   0.0000   0.0000   0.0000   0.3559
 -27.000  -1.0658   0.35948   0.34917   0.1352  1.0001  0.0933  -1.8052   0.0000   0.0000   0.0000   0.3500
 -26.000  -1.0304   0.33876   0.32832   0.1271  1.0001  0.0998  -1.7118   0.0000   0.0000   0.0000   0.3483
 -25.000  -1.0009   0.33506   0.32456   0.1153  1.0001  0.1069  -1.7132   0.0000   0.0000   0.0000   0.3424
 -24.000  -0.9636   0.31607   0.30550   0.1073  1.0001  0.1151  -1.6611   0.0000   0.0000   0.0000   0.3402
 -23.000  -0.9316   0.30715   0.29653   0.0970  1.0001  0.1232  -1.6682   0.0000   0.0000   0.0000   0.3347
 -22.000  -0.9000   0.29950   0.28883   0.0872  1.0001  0.1351  -1.6586   0.0000   0.0000   0.0000   0.3292
 -21.000  -0.8614   0.28262   0.27191   0.0796  1.0001  0.1478  -1.5950   0.0000   0.0000   0.0000   0.3260
 -20.000  -0.8251   0.26892   0.25816   0.0716  1.0001  0.1607  -1.5399   0.0000   0.0000   0.0000   0.3217
 -19.000  -0.7905   0.25674   0.24599   0.0636  1.0001  0.1757  -1.5265   0.0000   0.0000   0.0000   0.3167
 -18.000  -0.7629   0.24856   0.23788   0.0554  1.0001  0.1926  -1.5449   0.0000   0.0000   0.0000   0.3102
 -17.000  -0.7200   0.22981   0.21908   0.0499  1.0001  0.2145  -1.4880   0.0000   0.0000   0.0000   0.3078
 -16.000  -0.6975   0.22184   0.21121   0.0429  1.0001  0.2363  -1.4960   0.0000   0.0000   0.0000   0.3012
 -15.000  -0.6621   0.20645   0.19587   0.0381  1.0001  0.2648  -1.4414   0.0000   0.0000   0.0000   0.2981
 -14.000  -0.6237   0.18991   0.17935   0.0344  1.0001  0.3003  -1.3999   0.0000   0.0000   0.0000   0.2963
 -13.000  -0.6062   0.17963   0.16918   0.0312  1.0001  0.3387  -1.4236   0.0000   0.0000   0.0000   0.2935
 -12.000  -0.5654   0.16207   0.15165   0.0292  1.0001  0.3875  -1.3878   0.0000   0.0000   0.0000   0.2943
 -11.000  -0.5362   0.14794   0.13761   0.0292  1.0001  0.4537  -1.3590   0.0000   0.0000   0.0000   0.2974
 -10.000  -0.5049   0.13322   0.12298   0.0301  1.0001  0.5286  -1.3172   0.0000   0.0000   0.0000   0.3029
  -9.000  -0.4554   0.11623   0.10600   0.0314  1.0001  0.6376  -1.3075   0.0000   0.0000   0.0000   0.3125
  -8.000  -0.3926   0.09896   0.08869   0.0313  1.0001  0.7818  -1.2835   0.0000   0.0000   0.0000   0.3230
  -7.000  -0.5173   0.08813   0.07861   0.0024  1.0001  0.3318  -1.7542   0.0000   0.0000   0.0000   0.2510
  -6.000  -0.5267   0.06562   0.05595  -0.0209  1.0001  0.2500  -2.1205   0.0000   0.0000   0.0000   0.2073
  -5.000  -0.4688   0.04765   0.03700  -0.0267  1.0001  0.2586  -2.1770   0.0000   0.0000   0.0000   0.1902
  -4.000  -0.3801   0.03490   0.02320  -0.0247  1.0001  0.3613  -2.0342   0.0000   0.0000   0.0000   0.1822
  -3.000  -0.1434   0.02464   0.01286  -0.0319  1.0001  0.9999  -1.3167   0.0000   0.0000   0.0000   0.0213
  -2.000  -0.1151   0.02280   0.00966  -0.0240  1.0001  0.9999  -1.0091   0.0000   0.0000   0.0000   0.0367
  -1.000  -0.0447   0.02268   0.00836  -0.0188  1.0001  0.9999  -0.6131   0.0000   0.0000   0.0000  -0.1761
   0.000   0.0350   0.02325   0.00821  -0.0151  1.0001  0.9999  -0.3707   0.0000   0.0000   0.0000   0.6822
   1.000   0.1155   0.02451   0.00917  -0.0127  1.0001  0.9999  -0.4418   0.0000   0.0000   0.0000   0.3572
   2.000   0.1912   0.02679   0.01149  -0.0116  1.0001  0.9999  -0.5496   0.0000   0.0000   0.0000   0.3070
   3.000   0.2565   0.03075   0.01576  -0.0125  1.0001  0.9999  -0.6646   0.0000   0.0000   0.0000   0.2948
   4.000   0.3082   0.03721   0.02273  -0.0167  1.0001  0.9999  -0.7687   0.0000   0.0000   0.0000   0.2992
   5.000   0.6512   0.04609   0.03404  -0.0575  0.7241  0.9999  -1.4193   0.0000   0.0000   0.0000   0.3342
   6.000   0.7922   0.04888   0.03792  -0.0442  0.5141  0.9999  -2.0280   0.0000   0.0000   0.0000   0.3014
   7.000   0.8564   0.05973   0.04934  -0.0342  0.3870  0.9999  -2.3908   0.0000   0.0000   0.0000   0.2848
   8.000   0.8258   0.08193   0.07183  -0.0383  0.3568  0.9999  -2.2544   0.0000   0.0000   0.0000   0.2906
   9.000   0.7703   0.10631   0.09591  -0.0499  0.3703  0.9999  -1.9675   0.0000   0.0000   0.0000   0.3082
  10.000   0.6623   0.12973   0.11884  -0.0759  0.6704  0.9999  -1.4359   0.0000   0.0000   0.0000   0.3565
  11.000   0.7006   0.14687   0.13627  -0.0771  0.5901  0.9999  -1.5148   0.0000   0.0000   0.0000   0.3513
  12.000   0.7348   0.16333   0.15290  -0.0780  0.5167  0.9999  -1.5598   0.0000   0.0000   0.0000   0.3467
  13.000   0.7661   0.17893   0.16861  -0.0796  0.4536  0.9999  -1.6106   0.0000   0.0000   0.0000   0.3435
  14.000   0.8007   0.19530   0.18510  -0.0824  0.4011  0.9999  -1.6406   0.0000   0.0000   0.0000   0.3416
  15.000   0.8304   0.20942   0.19925  -0.0860  0.3530  0.9999  -1.6682   0.0000   0.0000   0.0000   0.3412
  16.000   0.8676   0.22604   0.21595  -0.0907  0.3150  0.9999  -1.7159   0.0000   0.0000   0.0000   0.3410
  17.000   0.8969   0.23871   0.22864  -0.0967  0.2821  0.9999  -1.7207   0.0000   0.0000   0.0000   0.3430
  18.000   0.9309   0.25279   0.24273  -0.1033  0.2526  0.9999  -1.7349   0.0000   0.0000   0.0000   0.3447
  19.000   0.9684   0.26890   0.25893  -0.1101  0.2285  0.9999  -1.7933   0.0000   0.0000   0.0000   0.3460
  20.000   1.0011   0.28102   0.27109  -0.1182  0.2055  0.9999  -1.8167   0.0000   0.0000   0.0000   0.3487
  21.000   1.0388   0.29799   0.28811  -0.1257  0.1868  0.9999  -1.8498   0.0000   0.0000   0.0000   0.3500
  22.000   1.0708   0.30928   0.29949  -0.1351  0.1718  0.9999  -1.8399   0.0000   0.0000   0.0000   0.3533
  23.000   1.1037   0.32116   0.31142  -0.1447  0.1569  0.9999  -1.8859   0.0000   0.0000   0.0000   0.3562
  24.000   1.1374   0.33419   0.32452  -0.1541  0.1434  0.9999  -1.9286   0.0000   0.0000   0.0000   0.3586
  25.000   1.1733   0.35214   0.34263  -0.1627  0.1315  0.9999  -1.9859   0.0000   0.0000   0.0000   0.3597
  26.000   1.2027   0.35878   0.34936  -0.1741  0.1206  0.9999  -1.9781   0.0000   0.0000   0.0000   0.3634
  27.000   1.2327   0.36857   0.35922  -0.1853  0.1123  0.9999  -1.9660   0.0000   0.0000   0.0000   0.3665
  28.000   1.2650   0.38615   0.37697  -0.1945  0.1041  0.9999  -2.0273   0.0000   0.0000   0.0000   0.3674
  29.000   1.2924   0.39155   0.38249  -0.2068  0.0962  0.9999  -2.0471   0.0000   0.0000   0.0000   0.3709
  30.000   1.3216   0.40812   0.39919  -0.2166  0.0909  0.9999  -2.1138   0.0000   0.0000   0.0000   0.3720


