xflr5 v6.61

 Calculated polar for: SJ4_7_45

 1 1 Reynolds number fixed          Mach number fixed         

 xtrf =   1.000 (top)        1.000 (bottom)
 Mach =   0.200     Re =     0.050 e 6     Ncrit =   9.000

  alpha     CL        CD       CDp       Cm    Top Xtr Bot Xtr   Cpmin    Chinge    XCp    
 ------- -------- --------- --------- -------- ------- ------- -------- --------- ---------
 -30.000  -1.1758   0.39707   0.39018   0.1756  1.0001  0.0303  -1.9734   0.0000   0.0000   0.0000   0.3677
 -29.000  -1.1468   0.37236   0.36532   0.1681  1.0001  0.0324  -1.8256   0.0000   0.0000   0.0000   0.3672
 -28.000  -1.1170   0.36117   0.35400   0.1577  1.0001  0.0350  -1.7946   0.0000   0.0000   0.0000   0.3640
 -27.000  -1.0857   0.35047   0.34322   0.1469  1.0001  0.0380  -1.7851   0.0000   0.0000   0.0000   0.3604
 -26.000  -1.0537   0.34441   0.33710   0.1346  1.0001  0.0407  -1.8315   0.0000   0.0000   0.0000   0.3549
 -25.000  -1.0220   0.33413   0.32678   0.1235  1.0001  0.0419  -1.8409   0.0000   0.0000   0.0000   0.3499
 -24.000  -0.9865   0.31553   0.30809   0.1161  1.0001  0.0457  -1.6965   0.0000   0.0000   0.0000   0.3484
 -23.000  -0.9517   0.30376   0.29627   0.1063  1.0001  0.0503  -1.6392   0.0000   0.0000   0.0000   0.3440
 -22.000  -0.9208   0.30023   0.29270   0.0936  1.0001  0.0533  -1.7245   0.0000   0.0000   0.0000   0.3358
 -21.000  -0.8815   0.27895   0.27139   0.0871  1.0001  0.0568  -1.6442   0.0000   0.0000   0.0000   0.3342
 -20.000  -0.8455   0.26635   0.25876   0.0784  1.0001  0.0634  -1.6243   0.0000   0.0000   0.0000   0.3294
 -19.000  -0.8135   0.25619   0.24866   0.0680  1.0001  0.0677  -1.6731   0.0000   0.0000   0.0000   0.3216
 -18.000  -0.7750   0.24051   0.23289   0.0613  1.0001  0.0769  -1.5806   0.0000   0.0000   0.0000   0.3182
 -17.000  -0.7426   0.22772   0.22016   0.0527  1.0001  0.0821  -1.5720   0.0000   0.0000   0.0000   0.3112
 -16.000  -0.7125   0.21640   0.20887   0.0446  1.0001  0.0925  -1.5405   0.0000   0.0000   0.0000   0.3039
 -15.000  -0.6757   0.19976   0.19221   0.0391  1.0001  0.1021  -1.5030   0.0000   0.0000   0.0000   0.3000
 -14.000  -0.6467   0.18593   0.17845   0.0328  1.0001  0.1134  -1.5234   0.0000   0.0000   0.0000   0.2935
 -13.000  -0.6212   0.17242   0.16501   0.0270  1.0001  0.1301  -1.5323   0.0000   0.0000   0.0000   0.2871
 -12.000  -0.6054   0.15996   0.15266   0.0209  1.0001  0.1471  -1.5684   0.0000   0.0000   0.0000   0.2790
 -11.000  -0.5840   0.14470   0.13748   0.0166  1.0001  0.1650  -1.5566   0.0000   0.0000   0.0000   0.2735
 -10.000  -0.5773   0.13228   0.12521   0.0115  1.0001  0.1900  -1.5807   0.0000   0.0000   0.0000   0.2657
  -9.000  -0.5530   0.11624   0.10931   0.0098  1.0001  0.2210  -1.5097   0.0000   0.0000   0.0000   0.2639
  -8.000  -0.5323   0.10212   0.09535   0.0095  1.0001  0.2708  -1.5077   0.0000   0.0000   0.0000   0.2647
  -7.000  -0.5185   0.08865   0.08208   0.0102  1.0001  0.3278  -1.5175   0.0000   0.0000   0.0000   0.2669
  -5.000  -0.4362   0.04037   0.03169  -0.0362  1.0001  0.1150  -2.3830   0.0000   0.0000   0.0000   0.1646
  -4.000  -0.3366   0.02797   0.01729  -0.0343  1.0001  0.1248  -2.2643   0.0000   0.0000   0.0000   0.1455
  -3.000  -0.2325   0.01960   0.00937  -0.0298  1.0001  0.3122  -2.0186   0.0000   0.0000   0.0000   0.1190
  -2.000  -0.1133   0.01556   0.00652  -0.0255  1.0001  0.9999  -1.2902   0.0000   0.0000   0.0000   0.0217
  -1.000  -0.0284   0.01560   0.00547  -0.0215  1.0001  0.9999  -0.7185   0.0000   0.0000   0.0000  -0.5140
   0.000   0.0620   0.01613   0.00540  -0.0190  1.0001  0.9999  -0.3225   0.0000   0.0000   0.0000   0.5555
   1.000   0.1521   0.01722   0.00631  -0.0174  1.0001  0.9999  -0.4267   0.0000   0.0000   0.0000   0.3628
   2.000   0.2364   0.01928   0.00850  -0.0172  1.0001  0.9999  -0.5562   0.0000   0.0000   0.0000   0.3203
   3.000   0.4216   0.02287   0.01290  -0.0381  0.9362  0.9999  -0.8576   0.0000   0.0000   0.0000   0.3377
   4.000   0.6433   0.02037   0.01163  -0.0454  0.7305  0.9999  -1.5818   0.0000   0.0000   0.0000   0.3176
   5.000   0.7294   0.02256   0.01284  -0.0310  0.4386  0.9999  -2.2717   0.0000   0.0000   0.0000   0.2888
   6.000   0.8161   0.02937   0.01881  -0.0236  0.2176  0.9999  -2.9673   0.0000   0.0000   0.0000   0.2743
   7.000   0.9036   0.04040   0.03066  -0.0185  0.1331  0.9999  -3.4243   0.0000   0.0000   0.0000   0.2651
   8.000   0.9500   0.05757   0.04968  -0.0137  0.1139  0.9999  -3.5903   0.0000   0.0000   0.0000   0.2584
   9.000   0.9159   0.08003   0.07345  -0.0146  0.1175  0.9999  -3.2709   0.0000   0.0000   0.0000   0.2595
  10.000   0.7838   0.12740   0.12054  -0.0598  0.2915  0.9999  -1.8853   0.0000   0.0000   0.0000   0.3199
  11.000   0.7883   0.14442   0.13751  -0.0632  0.2623  0.9999  -1.8477   0.0000   0.0000   0.0000   0.3229
  12.000   0.8184   0.16285   0.15596  -0.0643  0.2248  0.9999  -1.9181   0.0000   0.0000   0.0000   0.3206
  13.000   0.8394   0.18030   0.17343  -0.0681  0.1973  0.9999  -1.9195   0.0000   0.0000   0.0000   0.3222
  14.000   0.8597   0.19620   0.18932  -0.0731  0.1702  0.9999  -1.9027   0.0000   0.0000   0.0000   0.3251
  15.000   0.8679   0.20784   0.20084  -0.0820  0.1539  0.9999  -1.8096   0.0000   0.0000   0.0000   0.3333
  16.000   0.8934   0.22169   0.21466  -0.0898  0.1354  0.9999  -1.8261   0.0000   0.0000   0.0000   0.3381
  17.000   0.9278   0.23731   0.23034  -0.0964  0.1178  0.9999  -1.8858   0.0000   0.0000   0.0000   0.3402
  18.000   0.9576   0.25098   0.24399  -0.1055  0.1061  0.9999  -1.8672   0.0000   0.0000   0.0000   0.3451
  19.000   0.9899   0.26496   0.25796  -0.1148  0.0964  0.9999  -1.8440   0.0000   0.0000   0.0000   0.3493
  20.000   1.0249   0.27989   0.27290  -0.1232  0.0870  0.9999  -1.8444   0.0000   0.0000   0.0000   0.3521
  21.000   1.0690   0.30466   0.29781  -0.1282  0.0763  0.9999  -2.0208   0.0000   0.0000   0.0000   0.3502
  22.000   1.0925   0.30606   0.29917  -0.1431  0.0707  0.9999  -1.9105   0.0000   0.0000   0.0000   0.3593
  23.000   1.1345   0.33274   0.32594  -0.1479  0.0637  0.9999  -2.1009   0.0000   0.0000   0.0000   0.3570
  24.000   1.1604   0.33253   0.32572  -0.1632  0.0595  0.9999  -1.9647   0.0000   0.0000   0.0000   0.3651
  25.000   1.1951   0.34946   0.34281  -0.1712  0.0524  0.9999  -2.0680   0.0000   0.0000   0.0000   0.3656
  26.000   1.2258   0.35945   0.35281  -0.1834  0.0502  0.9999  -1.9997   0.0000   0.0000   0.0000   0.3697
  27.000   1.2572   0.36974   0.36318  -0.1952  0.0453  0.9999  -1.9597   0.0000   0.0000   0.0000   0.3729
  28.000   1.2877   0.38445   0.37805  -0.2044  0.0411  0.9999  -2.0587   0.0000   0.0000   0.0000   0.3739
  29.000   1.3166   0.40057   0.39422  -0.2145  0.0397  0.9999  -2.1358   0.0000   0.0000   0.0000   0.3756
  30.000   1.3446   0.40462   0.39836  -0.2284  0.0372  0.9999  -2.0996   0.0000   0.0000   0.0000   0.3797


