xflr5 v6.61

 Calculated polar for: SJ4_8_70

 1 1 Reynolds number fixed          Mach number fixed         

 xtrf =   1.000 (top)        1.000 (bottom)
 Mach =   0.200     Re =     0.080 e 6     Ncrit =   9.000

  alpha     CL        CD       CDp       Cm    Top Xtr Bot Xtr   Cpmin    Chinge    XCp    
 ------- -------- --------- --------- -------- ------- ------- -------- --------- ---------
 -27.000  -1.0649   0.34755   0.34172   0.1416  1.0001  0.0256  -1.8806   0.0000   0.0000   0.0000   0.3554
 -26.000  -1.0326   0.33551   0.32958   0.1319  1.0001  0.0281  -1.7910   0.0000   0.0000   0.0000   0.3523
 -25.000  -0.9986   0.32423   0.31826   0.1213  1.0001  0.0311  -1.7610   0.0000   0.0000   0.0000   0.3480
 -24.000  -0.9666   0.32028   0.31429   0.1078  1.0001  0.0326  -1.8480   0.0000   0.0000   0.0000   0.3401
 -23.000  -0.9296   0.30005   0.29401   0.1007  1.0001  0.0341  -1.7609   0.0000   0.0000   0.0000   0.3384
 -22.000  -0.8936   0.28689   0.28080   0.0921  1.0001  0.0374  -1.6934   0.0000   0.0000   0.0000   0.3348
 -21.000  -0.8580   0.27596   0.26986   0.0815  1.0001  0.0418  -1.7221   0.0000   0.0000   0.0000   0.3283
 -20.000  -0.8239   0.26304   0.25694   0.0718  1.0001  0.0438  -1.7373   0.0000   0.0000   0.0000   0.3218
 -19.000  -0.7856   0.24817   0.24204   0.0649  1.0001  0.0487  -1.6049   0.0000   0.0000   0.0000   0.3186
 -18.000  -0.7560   0.23960   0.23350   0.0535  1.0001  0.0538  -1.6946   0.0000   0.0000   0.0000   0.3080
 -17.000  -0.7167   0.22140   0.21529   0.0478  1.0001  0.0572  -1.6297   0.0000   0.0000   0.0000   0.3049
 -16.000  -0.6845   0.20883   0.20273   0.0397  1.0001  0.0653  -1.6336   0.0000   0.0000   0.0000   0.2973
 -15.000  -0.6517   0.19378   0.18773   0.0333  1.0001  0.0713  -1.5985   0.0000   0.0000   0.0000   0.2913
 -14.000  -0.6410   0.18511   0.17913   0.0227  1.0001  0.0797  -1.7258   0.0000   0.0000   0.0000   0.2768
 -13.000  -0.5974   0.16568   0.15971   0.0204  1.0001  0.0888  -1.5521   0.0000   0.0000   0.0000   0.2762
 -12.000  -0.5781   0.15112   0.14522   0.0142  1.0001  0.0977  -1.6149   0.0000   0.0000   0.0000   0.2674
 -11.000  -0.5622   0.13659   0.13077   0.0085  1.0001  0.1109  -1.6615   0.0000   0.0000   0.0000   0.2586
 -10.000  -0.5446   0.12190   0.11617   0.0041  1.0001  0.1279  -1.6656   0.0000   0.0000   0.0000   0.2517
  -9.000  -0.5375   0.10738   0.10181  -0.0020  1.0001  0.1466  -1.7148   0.0000   0.0000   0.0000   0.2414
  -8.000  -0.5399   0.09214   0.08680  -0.0089  1.0001  0.1664  -1.7840   0.0000   0.0000   0.0000   0.2294
  -7.000  -0.5371   0.07669   0.07151  -0.0161  1.0001  0.1957  -1.8029   0.0000   0.0000   0.0000   0.2168
  -6.000  -0.5230   0.04128   0.03395  -0.0372  1.0001  0.0788  -2.7948   0.0000   0.0000   0.0000   0.1749
  -5.000  -0.4430   0.02829   0.01894  -0.0331  1.0001  0.0802  -2.7721   0.0000   0.0000   0.0000   0.1714
  -4.000  -0.3463   0.02089   0.01100  -0.0291  1.0001  0.1206  -2.3657   0.0000   0.0000   0.0000   0.1623
  -3.000  -0.2526   0.01516   0.00726  -0.0252  1.0001  0.4566  -1.8573   0.0000   0.0000   0.0000   0.1467
  -2.000  -0.1227   0.01356   0.00657  -0.0232  1.0001  0.9999  -1.0911   0.0000   0.0000   0.0000   0.0568
  -1.000  -0.0491   0.01370   0.00593  -0.0182  1.0001  0.9999  -0.6449   0.0000   0.0000   0.0000  -0.1251
   0.000   0.0384   0.01456   0.00633  -0.0161  1.0001  0.9999  -0.3705   0.0000   0.0000   0.0000   0.6689
   1.000   0.1359   0.01629   0.00791  -0.0178  0.9958  0.9999  -0.4548   0.0000   0.0000   0.0000   0.3783
   2.000   0.3804   0.01703   0.00894  -0.0439  0.9163  0.9999  -0.7360   0.0000   0.0000   0.0000   0.3631
   3.000   0.5415   0.01544   0.00776  -0.0467  0.8010  0.9999  -1.0650   0.0000   0.0000   0.0000   0.3333
   4.000   0.6425   0.01564   0.00759  -0.0381  0.6163  0.9999  -1.4424   0.0000   0.0000   0.0000   0.3057
   5.000   0.7341   0.01811   0.00920  -0.0314  0.4088  0.9999  -1.9761   0.0000   0.0000   0.0000   0.2884
   6.000   0.8246   0.02208   0.01243  -0.0266  0.2450  0.9999  -2.6536   0.0000   0.0000   0.0000   0.2770
   7.000   0.9157   0.02779   0.01806  -0.0225  0.1424  0.9999  -3.3651   0.0000   0.0000   0.0000   0.2682
   8.000   1.0021   0.03642   0.02733  -0.0180  0.0930  0.9999  -4.0112   0.0000   0.0000   0.0000   0.2606
   9.000   1.0451   0.05068   0.04342  -0.0110  0.0768  0.9999  -4.2538   0.0000   0.0000   0.0000   0.2523
  10.000   0.9936   0.06943   0.06375  -0.0043  0.0749  0.9999  -4.0100   0.0000   0.0000   0.0000   0.2454
  11.000   0.9163   0.09439   0.08907  -0.0140  0.0783  0.9999  -3.5960   0.0000   0.0000   0.0000   0.2553
  15.000   0.6135   0.17026   0.16501  -0.0437  0.1252  0.9999  -1.3692   0.0000   0.0000   0.0000   0.3120
  16.000   0.6220   0.18159   0.17639  -0.0479  0.1118  0.9999  -1.3332   0.0000   0.0000   0.0000   0.3169
  17.000   0.6328   0.19304   0.18788  -0.0522  0.0989  0.9999  -1.2891   0.0000   0.0000   0.0000   0.3216
  18.000   0.6497   0.20606   0.20096  -0.0560  0.0903  0.9999  -1.2913   0.0000   0.0000   0.0000   0.3243
  19.000   0.6757   0.22218   0.21715  -0.0589  0.0786  0.9999  -1.3840   0.0000   0.0000   0.0000   0.3242
  20.000   0.6721   0.22893   0.22394  -0.0662  0.0708  0.9999  -1.2249   0.0000   0.0000   0.0000   0.3346
  21.000   0.6910   0.24371   0.23879  -0.0701  0.0656  0.9999  -1.2401   0.0000   0.0000   0.0000   0.3362
  22.000   0.7006   0.25426   0.24941  -0.0759  0.0569  0.9999  -1.1790   0.0000   0.0000   0.0000   0.3420
  23.000   0.7157   0.26888   0.26408  -0.0805  0.0537  0.9999  -1.2018   0.0000   0.0000   0.0000   0.3447
  24.000   0.7254   0.28045   0.27575  -0.0865  0.0479  0.9999  -1.1409   0.0000   0.0000   0.0000   0.3501
  25.000   0.7481   0.29999   0.29538  -0.0895  0.0435  0.9999  -1.2551   0.0000   0.0000   0.0000   0.3488
  26.000   0.7495   0.30770   0.30315  -0.0970  0.0403  0.9999  -1.0779   0.0000   0.0000   0.0000   0.3570
  27.000   0.7612   0.32138   0.31694  -0.1020  0.0360  0.9999  -1.0765   0.0000   0.0000   0.0000   0.3598
  28.000   0.7764   0.33979   0.33544  -0.1059  0.0337  0.9999  -1.1750   0.0000   0.0000   0.0000   0.3601
  29.000   0.7803   0.34970   0.34543  -0.1127  0.0317  0.9999  -1.0613   0.0000   0.0000   0.0000   0.3664
  30.000   0.7889   0.36358   0.35943  -0.1180  0.0280  0.9999  -1.0535   0.0000   0.0000   0.0000   0.3693


