xflr5 v6.61

 Calculated polar for: TJ1_7_77

 1 1 Reynolds number fixed          Mach number fixed         

 xtrf =   1.000 (top)        1.000 (bottom)
 Mach =   0.200     Re =     0.050 e 6     Ncrit =   9.000

  alpha     CL        CD       CDp       Cm    Top Xtr Bot Xtr   Cpmin    Chinge    XCp    
 ------- -------- --------- --------- -------- ------- ------- -------- --------- ---------
 -25.000  -0.9279   0.32526   0.31769   0.1040  1.0001  0.0419  -1.6879   0.0000   0.0000   0.0000   0.3443
 -24.000  -0.8930   0.31133   0.30363   0.0953  1.0001  0.0463  -1.6033   0.0000   0.0000   0.0000   0.3405
 -23.000  -0.8574   0.29962   0.29189   0.0856  1.0001  0.0511  -1.5638   0.0000   0.0000   0.0000   0.3350
 -22.000  -0.8240   0.29516   0.28743   0.0737  1.0001  0.0545  -1.5873   0.0000   0.0000   0.0000   0.3261
 -21.000  -0.7926   0.28637   0.27870   0.0633  1.0001  0.0557  -1.6341   0.0000   0.0000   0.0000   0.3178
 -20.000  -0.7493   0.26154   0.25379   0.0585  1.0001  0.0610  -1.4903   0.0000   0.0000   0.0000   0.3169
 -19.000  -0.7129   0.24928   0.24146   0.0501  1.0001  0.0675  -1.4651   0.0000   0.0000   0.0000   0.3101
 -18.000  -0.6917   0.25054   0.24280   0.0379  1.0001  0.0714  -1.5748   0.0000   0.0000   0.0000   0.2960
 -17.000  -0.6417   0.22293   0.21517   0.0348  1.0001  0.0792  -1.3792   0.0000   0.0000   0.0000   0.2957
 -16.000  -0.6143   0.21491   0.20720   0.0257  1.0001  0.0874  -1.3867   0.0000   0.0000   0.0000   0.2843
 -15.000  -0.5764   0.19720   0.18949   0.0206  1.0001  0.0930  -1.3608   0.0000   0.0000   0.0000   0.2786
 -14.000  -0.5510   0.18707   0.17942   0.0135  1.0001  0.1041  -1.4025   0.0000   0.0000   0.0000   0.2681
 -13.000  -0.5160   0.17061   0.16302   0.0092  1.0001  0.1122  -1.3640   0.0000   0.0000   0.0000   0.2619
 -12.000  -0.5168   0.16605   0.15861   0.0005  1.0001  0.1224  -1.4900   0.0000   0.0000   0.0000   0.2459
 -11.000  -0.4734   0.14674   0.13931  -0.0016  1.0001  0.1381  -1.3703   0.0000   0.0000   0.0000   0.2417
 -10.000  -0.4493   0.13312   0.12582  -0.0054  1.0001  0.1549  -1.3266   0.0000   0.0000   0.0000   0.2335
  -9.000  -0.4480   0.12410   0.11705  -0.0116  1.0001  0.1742  -1.3669   0.0000   0.0000   0.0000   0.2203
  -8.000  -0.4027   0.10657   0.09963  -0.0107  1.0001  0.2026  -1.2866   0.0000   0.0000   0.0000   0.2196
  -7.000  -0.3938   0.09517   0.08852  -0.0125  1.0001  0.2306  -1.3422   0.0000   0.0000   0.0000   0.2149
  -6.000  -0.3843   0.08395   0.07764  -0.0113  1.0001  0.2671  -1.3746   0.0000   0.0000   0.0000   0.2181
  -5.000  -0.3759   0.07314   0.06717  -0.0088  1.0001  0.3187  -1.3990   0.0000   0.0000   0.0000   0.2245
  -4.000  -0.2633   0.04404   0.03669  -0.0556  1.0001  0.1355  -1.9847   0.0000   0.0000   0.0000   0.0360
  -3.000  -0.1278   0.02808   0.01838  -0.0663  1.0001  0.1361  -2.0441   0.0000   0.0000   0.0000  -0.2734
  -2.000  -0.0085   0.02163   0.01182  -0.0669  1.0001  0.3324  -1.6734   0.0000   0.0000   0.0000  -7.6581
  -1.000   0.0780   0.01715   0.00910  -0.0586  1.0001  0.9999  -1.1796   0.0000   0.0000   0.0000   1.0044
   0.000   0.1876   0.01846   0.00895  -0.0610  1.0001  0.9999  -0.5948   0.0000   0.0000   0.0000   0.5745
   1.000   0.2828   0.02065   0.01060  -0.0622  1.0001  0.9999  -0.5641   0.0000   0.0000   0.0000   0.4680
   2.000   0.4203   0.02455   0.01440  -0.0738  0.9736  0.9999  -0.7169   0.0000   0.0000   0.0000   0.4231
   3.000   0.6663   0.02481   0.01520  -0.0944  0.8395  0.9999  -1.0291   0.0000   0.0000   0.0000   0.3886
   4.000   0.8121   0.02213   0.01268  -0.0875  0.6763  0.9999  -1.3201   0.0000   0.0000   0.0000   0.3539
   5.000   0.9172   0.02440   0.01433  -0.0797  0.5116  0.9999  -1.6570   0.0000   0.0000   0.0000   0.3322
   6.000   1.0155   0.02912   0.01900  -0.0749  0.3987  0.9999  -2.3556   0.0000   0.0000   0.0000   0.3182
   7.000   1.1082   0.03550   0.02588  -0.0704  0.3143  0.9999  -3.0622   0.0000   0.0000   0.0000   0.3069
   8.000   1.1843   0.04372   0.03503  -0.0645  0.2396  0.9999  -3.6782   0.0000   0.0000   0.0000   0.2967
   9.000   1.2253   0.05560   0.04804  -0.0565  0.1753  0.9999  -4.0873   0.0000   0.0000   0.0000   0.2872
  11.000   1.0975   0.09625   0.09008  -0.0539  0.1330  0.9999  -3.6567   0.0000   0.0000   0.0000   0.2883
  14.000   0.9626   0.19406   0.18731  -0.1121  0.2121  0.9999  -1.9463   0.0000   0.0000   0.0000   0.3542
  15.000   0.9831   0.20999   0.20331  -0.1184  0.1868  0.9999  -1.8711   0.0000   0.0000   0.0000   0.3570
  16.000   1.0131   0.22692   0.22026  -0.1245  0.1674  0.9999  -1.8385   0.0000   0.0000   0.0000   0.3581
  17.000   1.0457   0.24412   0.23749  -0.1308  0.1493  0.9999  -1.8991   0.0000   0.0000   0.0000   0.3589
  18.000   1.0671   0.25639   0.24972  -0.1417  0.1366  0.9999  -1.8520   0.0000   0.0000   0.0000   0.3650
  19.000   1.0986   0.27178   0.26520  -0.1504  0.1265  0.9999  -1.8784   0.0000   0.0000   0.0000   0.3676
  20.000   1.1389   0.29291   0.28640  -0.1559  0.1138  0.9999  -2.0298   0.0000   0.0000   0.0000   0.3658
  21.000   1.1659   0.30116   0.29467  -0.1677  0.1011  0.9999  -2.0202   0.0000   0.0000   0.0000   0.3708
  22.000   1.1976   0.31565   0.30917  -0.1780  0.0951  0.9999  -2.0123   0.0000   0.0000   0.0000   0.3737
  23.000   1.2321   0.33024   0.32385  -0.1867  0.0842  0.9999  -2.0493   0.0000   0.0000   0.0000   0.3746
  24.000   1.2627   0.34258   0.33626  -0.1984  0.0782  0.9999  -2.0744   0.0000   0.0000   0.0000   0.3780
  25.000   1.2957   0.35635   0.35013  -0.2078  0.0690  0.9999  -2.1686   0.0000   0.0000   0.0000   0.3790
  26.000   1.3284   0.37768   0.37151  -0.2159  0.0656  0.9999  -2.2529   0.0000   0.0000   0.0000   0.3788
  27.000   1.3573   0.38042   0.37429  -0.2305  0.0593  0.9999  -2.1739   0.0000   0.0000   0.0000   0.3835
  28.000   1.3882   0.39811   0.39219  -0.2381  0.0523  0.9999  -2.2920   0.0000   0.0000   0.0000   0.3826
  29.000   1.4162   0.41374   0.40785  -0.2489  0.0505  0.9999  -2.2649   0.0000   0.0000   0.0000   0.3841
  30.000   1.4439   0.41475   0.40892  -0.2637  0.0465  0.9999  -2.1499   0.0000   0.0000   0.0000   0.3879


