xflr5 v6.61

 Calculated polar for: TJ1_7_77

 1 1 Reynolds number fixed          Mach number fixed         

 xtrf =   1.000 (top)        1.000 (bottom)
 Mach =   0.200     Re =     0.090 e 6     Ncrit =   9.000

  alpha     CL        CD       CDp       Cm    Top Xtr Bot Xtr   Cpmin    Chinge    XCp    
 ------- -------- --------- --------- -------- ------- ------- -------- --------- ---------
 -30.000  -1.0881   0.39440   0.38897   0.1565  1.0001  0.0171  -2.0285   0.0000   0.0000   0.0000   0.3664
 -29.000  -1.0594   0.38413   0.37869   0.1450  1.0001  0.0174  -2.0604   0.0000   0.0000   0.0000   0.3616
 -28.000  -1.0295   0.35876   0.35324   0.1381  1.0001  0.0186  -1.8640   0.0000   0.0000   0.0000   0.3608
 -27.000  -0.9981   0.34704   0.34143   0.1281  1.0001  0.0206  -1.7650   0.0000   0.0000   0.0000   0.3569
 -26.000  -0.9649   0.33535   0.32969   0.1178  1.0001  0.0226  -1.6947   0.0000   0.0000   0.0000   0.3524
 -25.000  -0.9301   0.32376   0.31807   0.1073  1.0001  0.0247  -1.6663   0.0000   0.0000   0.0000   0.3474
 -24.000  -0.8946   0.31730   0.31158   0.0951  1.0001  0.0262  -1.7312   0.0000   0.0000   0.0000   0.3400
 -23.000  -0.8642   0.31580   0.31004   0.0826  1.0001  0.0266  -1.8005   0.0000   0.0000   0.0000   0.3309
 -22.000  -0.8244   0.28743   0.28166   0.0769  1.0001  0.0280  -1.6454   0.0000   0.0000   0.0000   0.3296
 -21.000  -0.7878   0.27295   0.26715   0.0695  1.0001  0.0314  -1.5106   0.0000   0.0000   0.0000   0.3257
 -20.000  -0.7510   0.26019   0.25438   0.0608  1.0001  0.0348  -1.5070   0.0000   0.0000   0.0000   0.3195
 -19.000  -0.7146   0.24953   0.24366   0.0509  1.0001  0.0384  -1.5547   0.0000   0.0000   0.0000   0.3109
 -18.000  -0.6890   0.24672   0.24090   0.0390  1.0001  0.0395  -1.6734   0.0000   0.0000   0.0000   0.2975
 -17.000  -0.6459   0.22229   0.21650   0.0342  1.0001  0.0413  -1.5470   0.0000   0.0000   0.0000   0.2944
 -16.000  -0.6083   0.20712   0.20132   0.0290  1.0001  0.0457  -1.3935   0.0000   0.0000   0.0000   0.2898
 -15.000  -0.5757   0.19467   0.18886   0.0215  1.0001  0.0525  -1.3843   0.0000   0.0000   0.0000   0.2802
 -14.000  -0.5715   0.19295   0.18725   0.0094  1.0001  0.0551  -1.6399   0.0000   0.0000   0.0000   0.2603
 -13.000  -0.5159   0.16673   0.16102   0.0095  1.0001  0.0610  -1.4346   0.0000   0.0000   0.0000   0.2623
 -12.000  -0.4913   0.15438   0.14873   0.0032  1.0001  0.0691  -1.4631   0.0000   0.0000   0.0000   0.2508
 -11.000  -0.4970   0.14893   0.14345  -0.0094  1.0001  0.0716  -1.7146   0.0000   0.0000   0.0000   0.2263
 -10.000  -0.4415   0.12651   0.12099  -0.0063  1.0001  0.0810  -1.4072   0.0000   0.0000   0.0000   0.2308
  -9.000  -0.4516   0.11951   0.11423  -0.0206  1.0001  0.0884  -1.6491   0.0000   0.0000   0.0000   0.2006
  -8.000  -0.4018   0.10067   0.09544  -0.0170  1.0001  0.1000  -1.3698   0.0000   0.0000   0.0000   0.2039
  -7.000  -0.3958   0.08853   0.08358  -0.0216  1.0001  0.1101  -1.4563   0.0000   0.0000   0.0000   0.1921
  -6.000  -0.3922   0.07642   0.07174  -0.0300  1.0001  0.1251  -1.5733   0.0000   0.0000   0.0000   0.1711
  -5.000  -0.3645   0.06441   0.05980  -0.0310  1.0001  0.1505  -1.5508   0.0000   0.0000   0.0000   0.1628
  -4.000  -0.2387   0.03336   0.02649  -0.0625  1.0001  0.0708  -2.3603   0.0000   0.0000   0.0000  -0.0156
  -3.000  -0.1131   0.02198   0.01339  -0.0673  1.0001  0.0827  -2.2258   0.0000   0.0000   0.0000  -0.3514
  -2.000   0.0149   0.01686   0.00843  -0.0699  1.0001  0.2494  -1.7342   0.0000   0.0000   0.0000   4.9789
  -1.000   0.1189   0.01410   0.00781  -0.0671  1.0001  0.8056  -1.0911   0.0000   0.0000   0.0000   0.8161
   0.000   0.2093   0.01523   0.00819  -0.0656  1.0001  0.9999  -0.5610   0.0000   0.0000   0.0000   0.5628
   1.000   0.4100   0.01670   0.00920  -0.0840  0.9480  0.9999  -0.6655   0.0000   0.0000   0.0000   0.4533
   2.000   0.5929   0.01592   0.00849  -0.0936  0.8747  0.9999  -0.8973   0.0000   0.0000   0.0000   0.4055
   3.000   0.7157   0.01434   0.00692  -0.0884  0.7587  0.9999  -1.1260   0.0000   0.0000   0.0000   0.3704
   4.000   0.8181   0.01524   0.00693  -0.0812  0.5574  0.9999  -1.3749   0.0000   0.0000   0.0000   0.3453
   5.000   0.9164   0.01821   0.00904  -0.0770  0.4053  0.9999  -1.7662   0.0000   0.0000   0.0000   0.3291
   6.000   1.0172   0.02155   0.01226  -0.0740  0.3114  0.9999  -2.5222   0.0000   0.0000   0.0000   0.3168
   7.000   1.1154   0.02540   0.01625  -0.0708  0.2385  0.9999  -3.3294   0.0000   0.0000   0.0000   0.3063
   8.000   1.2020   0.02897   0.02013  -0.0662  0.1663  0.9999  -4.1959   0.0000   0.0000   0.0000   0.2966
   9.000   1.2568   0.03403   0.02560  -0.0581  0.0780  0.9999  -4.8220   0.0000   0.0000   0.0000   0.2865
  11.000   1.2782   0.06139   0.05518  -0.0399  0.0503  0.9999  -5.1010   0.0000   0.0000   0.0000   0.2690
  12.000   1.1951   0.08217   0.07696  -0.0412  0.0507  0.9999  -4.8076   0.0000   0.0000   0.0000   0.2710
  13.000   1.0226   0.14215   0.13738  -0.0827  0.0616  0.9999  -3.1675   0.0000   0.0000   0.0000   0.3178
  14.000   1.0071   0.16964   0.16476  -0.0944  0.0649  0.9999  -2.7420   0.0000   0.0000   0.0000   0.3299
  15.000   0.7170   0.16930   0.16467  -0.0764  0.1234  0.9999  -1.4260   0.0000   0.0000   0.0000   0.3454
  16.000   0.7274   0.18280   0.17820  -0.0803  0.1113  0.9999  -1.3540   0.0000   0.0000   0.0000   0.3483
  17.000   0.7507   0.19710   0.19262  -0.0829  0.0992  0.9999  -1.3838   0.0000   0.0000   0.0000   0.3471
  18.000   0.7447   0.20871   0.20422  -0.0903  0.0928  0.9999  -1.2391   0.0000   0.0000   0.0000   0.3570
  19.000   0.7825   0.22891   0.22450  -0.0912  0.0817  0.9999  -1.4079   0.0000   0.0000   0.0000   0.3509
  20.000   0.7691   0.23519   0.23080  -0.0999  0.0742  0.9999  -1.2258   0.0000   0.0000   0.0000   0.3632
  21.000   0.8109   0.25976   0.25551  -0.1003  0.0662  0.9999  -1.4860   0.0000   0.0000   0.0000   0.3553
  22.000   0.7951   0.26353   0.25929  -0.1093  0.0632  0.9999  -1.2386   0.0000   0.0000   0.0000   0.3679
  23.000   0.8094   0.27731   0.27316  -0.1137  0.0536  0.9999  -1.2525   0.0000   0.0000   0.0000   0.3692
  24.000   0.8271   0.29684   0.29274  -0.1172  0.0507  0.9999  -1.2971   0.0000   0.0000   0.0000   0.3688
  25.000   0.8290   0.30711   0.30306  -0.1243  0.0458  0.9999  -1.1926   0.0000   0.0000   0.0000   0.3754
  26.000   0.8412   0.32193   0.31801  -0.1287  0.0395  0.9999  -1.2485   0.0000   0.0000   0.0000   0.3764
  27.000   0.8585   0.34428   0.34043  -0.1318  0.0369  0.9999  -1.3279   0.0000   0.0000   0.0000   0.3749
  28.000   0.8581   0.35344   0.34965  -0.1388  0.0349  0.9999  -1.1515   0.0000   0.0000   0.0000   0.3813
  29.000   0.8658   0.36870   0.36499  -0.1439  0.0304  0.9999  -1.0888   0.0000   0.0000   0.0000   0.3835
  30.000   0.8739   0.38422   0.38065  -0.1483  0.0266  0.9999  -1.1017   0.0000   0.0000   0.0000   0.3844


