xflr5 v6.61

 Calculated polar for: TJ1_7_00

 1 1 Reynolds number fixed          Mach number fixed         

 xtrf =   1.000 (top)        1.000 (bottom)
 Mach =   0.200     Re =     0.500 e 6     Ncrit =   9.000

  alpha     CL        CD       CDp       Cm    Top Xtr Bot Xtr   Cpmin    Chinge    XCp    
 ------- -------- --------- --------- -------- ------- ------- -------- --------- ---------
 -19.000  -0.4679   0.19640   0.19420   0.0178  1.0001  0.0070  -1.1061   0.0000   0.0000   0.0000   0.2838
 -18.000  -0.4457   0.18613   0.18392   0.0128  1.0001  0.0077  -1.0613   0.0000   0.0000   0.0000   0.2752
 -17.000  -0.4238   0.17581   0.17359   0.0079  1.0001  0.0094  -1.0978   0.0000   0.0000   0.0000   0.2654
 -16.000  -0.4041   0.16664   0.16439   0.0021  1.0001  0.0107  -1.2433   0.0000   0.0000   0.0000   0.2522
 -15.000  -0.3872   0.15740   0.15516  -0.0030  1.0001  0.0108  -1.2895   0.0000   0.0000   0.0000   0.2393
 -14.000  -0.3709   0.14781   0.14557  -0.0073  1.0001  0.0109  -1.2918   0.0000   0.0000   0.0000   0.2274
 -13.000  -0.3579   0.13628   0.13405  -0.0099  1.0001  0.0114  -1.3678   0.0000   0.0000   0.0000   0.2194
 -12.000  -0.3462   0.12710   0.12486  -0.0117  1.0001  0.0123  -1.3062   0.0000   0.0000   0.0000   0.2133
 -11.000  -0.3316   0.11527   0.11305  -0.0150  1.0001  0.0137  -1.3352   0.0000   0.0000   0.0000   0.2021
 -10.000  -0.3219   0.10205   0.09985  -0.0199  1.0001  0.0167  -1.5523   0.0000   0.0000   0.0000   0.1855
  -9.000  -0.3111   0.08812   0.08597  -0.0246  1.0001  0.0172  -1.6938   0.0000   0.0000   0.0000   0.1683
  -8.000  -0.3128   0.07081   0.06874  -0.0275  1.0001  0.0186  -1.8009   0.0000   0.0000   0.0000   0.1597
  -7.000  -0.3250   0.05959   0.05765  -0.0245  1.0001  0.0196  -1.7417   0.0000   0.0000   0.0000   0.1726
  -6.000  -0.3209   0.04532   0.04346  -0.0328  0.9934  0.0209  -1.7632   0.0000   0.0000   0.0000   0.1464
  -5.000  -0.2066   0.02092   0.01852  -0.0695  0.9809  0.0265  -1.9364   0.0000   0.0000   0.0000  -0.0889
  -4.000  -0.1051   0.01841   0.01382  -0.0868  0.9802  0.0179  -2.6384   0.0000   0.0000   0.0000  -0.5835
  -3.000   0.0543   0.01053   0.00479  -0.0957  0.9741  0.0148  -2.3700   0.0000   0.0000   0.0000   2.0251
  -2.000   0.1892   0.00800   0.00246  -0.0990  0.9532  0.1386  -1.6275   0.0000   0.0000   0.0000   0.7754
  -1.000   0.2992   0.00681   0.00196  -0.0971  0.9206  0.3906  -0.7168   0.0000   0.0000   0.0000   0.5748
   0.000   0.3973   0.00510   0.00169  -0.0918  0.8754  0.9999  -0.5810   0.0000   0.0000   0.0000   0.4804
   1.000   0.5076   0.00525   0.00141  -0.0896  0.7900  0.9999  -0.7323   0.0000   0.0000   0.0000   0.4251
   2.000   0.6157   0.00614   0.00154  -0.0874  0.6317  0.9999  -0.9154   0.0000   0.0000   0.0000   0.3898
   3.000   0.7226   0.00757   0.00209  -0.0859  0.4414  0.9999  -1.1345   0.0000   0.0000   0.0000   0.3658
   4.000   0.8308   0.00899   0.00292  -0.0848  0.3045  0.9999  -1.4610   0.0000   0.0000   0.0000   0.3482
   5.000   0.9384   0.01048   0.00395  -0.0836  0.1969  0.9999  -2.2441   0.0000   0.0000   0.0000   0.3343
   6.000   1.0456   0.01196   0.00521  -0.0822  0.1203  0.9999  -3.1645   0.0000   0.0000   0.0000   0.3227
   7.000   1.1428   0.01513   0.00787  -0.0793  0.0164  0.9999  -4.1411   0.0000   0.0000   0.0000   0.3123
   8.000   1.2394   0.01814   0.01139  -0.0757  0.0130  0.9999  -5.1722   0.0000   0.0000   0.0000   0.3027
   9.000   1.3169   0.02324   0.01708  -0.0696  0.0114  0.9999  -6.0626   0.0000   0.0000   0.0000   0.2931
  10.000   1.3663   0.03133   0.02605  -0.0605  0.0110  0.9999  -6.9128   0.0000   0.0000   0.0000   0.2832
  11.000   1.3682   0.04158   0.03730  -0.0482  0.0114  0.9999  -7.4421   0.0000   0.0000   0.0000   0.2728
  12.000   1.3214   0.05683   0.05340  -0.0432  0.0111  0.9999  -7.6092   0.0000   0.0000   0.0000   0.2688
  13.000   1.2535   0.08391   0.08127  -0.0576  0.0113  0.9999  -7.2807   0.0000   0.0000   0.0000   0.2805
  14.000   1.1185   0.13625   0.13430  -0.0893  0.0132  0.9999  -5.3073   0.0000   0.0000   0.0000   0.3142
  15.000   0.8428   0.13620   0.13435  -0.0669  0.0132  0.9999  -3.9376   0.0000   0.0000   0.0000   0.3145


