xflr5 v6.61

 Calculated polar for: TJ1_8_00

 1 1 Reynolds number fixed          Mach number fixed         

 xtrf =   1.000 (top)        1.000 (bottom)
 Mach =   0.200     Re =     0.080 e 6     Ncrit =   9.000

  alpha     CL        CD       CDp       Cm    Top Xtr Bot Xtr   Cpmin    Chinge    XCp    
 ------- -------- --------- --------- -------- ------- ------- -------- --------- ---------
 -24.000  -0.8891   0.31121   0.30515   0.0947  1.0001  0.0283  -1.6986   0.0000   0.0000   0.0000   0.3398
 -23.000  -0.8537   0.29775   0.29160   0.0862  1.0001  0.0309  -1.5913   0.0000   0.0000   0.0000   0.3356
 -22.000  -0.8175   0.28539   0.27922   0.0769  1.0001  0.0350  -1.5185   0.0000   0.0000   0.0000   0.3301
 -21.000  -0.7808   0.27546   0.26927   0.0664  1.0001  0.0385  -1.5618   0.0000   0.0000   0.0000   0.3223
 -20.000  -0.7528   0.27467   0.26852   0.0540  1.0001  0.0395  -1.6943   0.0000   0.0000   0.0000   0.3104
 -19.000  -0.7107   0.24937   0.24317   0.0483  1.0001  0.0411  -1.6029   0.0000   0.0000   0.0000   0.3074
 -18.000  -0.6719   0.23354   0.22733   0.0425  1.0001  0.0450  -1.4637   0.0000   0.0000   0.0000   0.3034
 -17.000  -0.6359   0.22058   0.21437   0.0348  1.0001  0.0501  -1.4024   0.0000   0.0000   0.0000   0.2959
 -16.000  -0.6129   0.21586   0.20972   0.0237  1.0001  0.0547  -1.4893   0.0000   0.0000   0.0000   0.2807
 -15.000  -0.5708   0.19421   0.18806   0.0199  1.0001  0.0585  -1.4190   0.0000   0.0000   0.0000   0.2773
 -14.000  -0.5374   0.18058   0.17445   0.0144  1.0001  0.0657  -1.3941   0.0000   0.0000   0.0000   0.2699
 -13.000  -0.5293   0.17494   0.16892   0.0041  1.0001  0.0712  -1.5679   0.0000   0.0000   0.0000   0.2517
 -12.000  -0.4841   0.15376   0.14777   0.0025  1.0001  0.0762  -1.4225   0.0000   0.0000   0.0000   0.2491
 -11.000  -0.4622   0.14180   0.13589  -0.0034  1.0001  0.0862  -1.4148   0.0000   0.0000   0.0000   0.2371
 -10.000  -0.4407   0.12753   0.12170  -0.0085  1.0001  0.0918  -1.3987   0.0000   0.0000   0.0000   0.2256
  -9.000  -0.4269   0.11668   0.11100  -0.0154  1.0001  0.1043  -1.4058   0.0000   0.0000   0.0000   0.2095
  -8.000  -0.3951   0.10142   0.09588  -0.0168  1.0001  0.1143  -1.3646   0.0000   0.0000   0.0000   0.2033
  -7.000  -0.3916   0.08977   0.08453  -0.0212  1.0001  0.1268  -1.4563   0.0000   0.0000   0.0000   0.1925
  -6.000  -0.3838   0.07870   0.07372  -0.0224  1.0001  0.1484  -1.4857   0.0000   0.0000   0.0000   0.1890
  -5.000  -0.3671   0.06630   0.06148  -0.0285  1.0001  0.1787  -1.5529   0.0000   0.0000   0.0000   0.1702
  -4.000  -0.2426   0.03366   0.02680  -0.0624  1.0001  0.0779  -2.3364   0.0000   0.0000   0.0000  -0.0108
  -3.000  -0.1127   0.02234   0.01345  -0.0676  1.0001  0.0956  -2.2410   0.0000   0.0000   0.0000  -0.3563
  -2.000   0.0099   0.01798   0.00928  -0.0694  1.0001  0.2720  -1.6894   0.0000   0.0000   0.0000   7.3104
  -1.000   0.1190   0.01531   0.00848  -0.0680  1.0001  0.7248  -1.0487   0.0000   0.0000   0.0000   0.8229
   0.000   0.2028   0.01613   0.00875  -0.0648  1.0001  0.9999  -0.5576   0.0000   0.0000   0.0000   0.5687
   1.000   0.3930   0.01808   0.01019  -0.0821  0.9541  0.9999  -0.6675   0.0000   0.0000   0.0000   0.4571
   2.000   0.5875   0.01743   0.00959  -0.0939  0.8740  0.9999  -0.9054   0.0000   0.0000   0.0000   0.4073
   3.000   0.7167   0.01558   0.00777  -0.0891  0.7558  0.9999  -1.1325   0.0000   0.0000   0.0000   0.3711
   4.000   0.8205   0.01642   0.00770  -0.0817  0.5623  0.9999  -1.3664   0.0000   0.0000   0.0000   0.3455
   5.000   0.9201   0.01945   0.01000  -0.0774  0.4176  0.9999  -1.6883   0.0000   0.0000   0.0000   0.3292
   6.000   1.0221   0.02305   0.01347  -0.0746  0.3303  0.9999  -2.3751   0.0000   0.0000   0.0000   0.3169
   7.000   1.1215   0.02729   0.01791  -0.0715  0.2629  0.9999  -3.1536   0.0000   0.0000   0.0000   0.3066
   8.000   1.2131   0.03194   0.02299  -0.0674  0.1999  0.9999  -3.9387   0.0000   0.0000   0.0000   0.2971
   9.000   1.2750   0.03493   0.02655  -0.0600  0.1208  0.9999  -4.7264   0.0000   0.0000   0.0000   0.2871
  10.000   1.3097   0.04451   0.03647  -0.0507  0.0663  0.9999  -5.0709   0.0000   0.0000   0.0000   0.2775
  11.000   1.2922   0.05920   0.05282  -0.0403  0.0589  0.9999  -5.0482   0.0000   0.0000   0.0000   0.2687
  12.000   1.1974   0.08180   0.07654  -0.0428  0.0598  0.9999  -4.6825   0.0000   0.0000   0.0000   0.2720
  13.000   1.0731   0.12529   0.12030  -0.0706  0.0654  0.9999  -3.7746   0.0000   0.0000   0.0000   0.3016
  14.000   0.9993   0.17238   0.16714  -0.0969  0.0785  0.9999  -2.5859   0.0000   0.0000   0.0000   0.3332
  15.000   0.9908   0.20314   0.19784  -0.1146  0.1202  0.9999  -1.9786   0.0000   0.0000   0.0000   0.3517
  16.000   1.0369   0.22612   0.22089  -0.1168  0.1141  0.9999  -2.0659   0.0000   0.0000   0.0000   0.3473
  17.000   1.0405   0.23653   0.23123  -0.1317  0.1029  0.9999  -1.9056   0.0000   0.0000   0.0000   0.3598
  18.000   1.0743   0.25489   0.24961  -0.1384  0.0967  0.9999  -1.9642   0.0000   0.0000   0.0000   0.3605
  19.000   1.1104   0.27091   0.26575  -0.1449  0.0829  0.9999  -2.0956   0.0000   0.0000   0.0000   0.3605
  20.000   1.1317   0.28271   0.27749  -0.1594  0.0777  0.9999  -1.9881   0.0000   0.0000   0.0000   0.3692
  21.000   1.1671   0.29777   0.29262  -0.1670  0.0684  0.9999  -2.1057   0.0000   0.0000   0.0000   0.3695
  22.000   1.1985   0.31399   0.30884  -0.1771  0.0648  0.9999  -2.0908   0.0000   0.0000   0.0000   0.3723
  23.000   1.2303   0.32552   0.32041  -0.1887  0.0551  0.9999  -2.0870   0.0000   0.0000   0.0000   0.3758
  24.000   1.2700   0.35601   0.35105  -0.1917  0.0510  0.9999  -2.3630   0.0000   0.0000   0.0000   0.3714
  25.000   1.2944   0.35362   0.34864  -0.2099  0.0475  0.9999  -2.1802   0.0000   0.0000   0.0000   0.3802
  26.000   1.3263   0.36625   0.36134  -0.2200  0.0404  0.9999  -2.2527   0.0000   0.0000   0.0000   0.3815
  27.000   1.3612   0.40275   0.39794  -0.2229  0.0371  0.9999  -2.4857   0.0000   0.0000   0.0000   0.3769
  28.000   1.3864   0.39427   0.38950  -0.2405  0.0361  0.9999  -2.2712   0.0000   0.0000   0.0000   0.3839
  29.000   1.4166   0.40211   0.39739  -0.2540  0.0318  0.9999  -2.1672   0.0000   0.0000   0.0000   0.3868
  30.000   1.4439   0.41310   0.40847  -0.2644  0.0274  0.9999  -2.2087   0.0000   0.0000   0.0000   0.3876


