xflr5 v6.61

 Calculated polar for: TJ1_7_00

 1 1 Reynolds number fixed          Mach number fixed         

 xtrf =   1.000 (top)        1.000 (bottom)
 Mach =   0.200     Re =     0.025 e 6     Ncrit =   9.000

  alpha     CL        CD       CDp       Cm    Top Xtr Bot Xtr   Cpmin    Chinge    XCp    
 ------- -------- --------- --------- -------- ------- ------- -------- --------- ---------
 -30.000  -1.0939   0.38285   0.37276   0.1568  1.0001  0.0638  -1.7857   0.0000   0.0000   0.0000   0.3679
 -29.000  -1.0648   0.37416   0.36396   0.1456  1.0001  0.0685  -1.7627   0.0000   0.0000   0.0000   0.3635
 -28.000  -1.0364   0.37798   0.36774   0.1323  1.0001  0.0713  -1.7853   0.0000   0.0000   0.0000   0.3567
 -27.000  -1.0036   0.35224   0.34185   0.1244  1.0001  0.0754  -1.6783   0.0000   0.0000   0.0000   0.3545
 -26.000  -0.9710   0.33977   0.32928   0.1147  1.0001  0.0823  -1.6137   0.0000   0.0000   0.0000   0.3505
 -25.000  -0.9396   0.33601   0.32548   0.1030  1.0001  0.0876  -1.6400   0.0000   0.0000   0.0000   0.3438
 -24.000  -0.9047   0.31839   0.30774   0.0943  1.0001  0.0916  -1.5980   0.0000   0.0000   0.0000   0.3398
 -23.000  -0.8693   0.30488   0.29417   0.0856  1.0001  0.1004  -1.5439   0.0000   0.0000   0.0000   0.3353
 -22.000  -0.8424   0.30788   0.29721   0.0736  1.0001  0.1054  -1.5781   0.0000   0.0000   0.0000   0.3258
 -21.000  -0.7990   0.28045   0.26971   0.0679  1.0001  0.1172  -1.4425   0.0000   0.0000   0.0000   0.3241
 -20.000  -0.7661   0.27037   0.25967   0.0588  1.0001  0.1252  -1.4578   0.0000   0.0000   0.0000   0.3170
 -19.000  -0.7314   0.25890   0.24810   0.0509  1.0001  0.1382  -1.4391   0.0000   0.0000   0.0000   0.3108
 -18.000  -0.6932   0.24260   0.23181   0.0442  1.0001  0.1494  -1.3917   0.0000   0.0000   0.0000   0.3058
 -17.000  -0.6604   0.23060   0.21989   0.0369  1.0001  0.1617  -1.3653   0.0000   0.0000   0.0000   0.2987
 -16.000  -0.6313   0.22005   0.20943   0.0300  1.0001  0.1763  -1.3381   0.0000   0.0000   0.0000   0.2911
 -15.000  -0.5983   0.20611   0.19546   0.0245  1.0001  0.1944  -1.2849   0.0000   0.0000   0.0000   0.2851
 -14.000  -0.5634   0.19120   0.18060   0.0201  1.0001  0.2181  -1.2742   0.0000   0.0000   0.0000   0.2802
 -13.000  -0.5496   0.18360   0.17316   0.0153  1.0001  0.2437  -1.3136   0.0000   0.0000   0.0000   0.2731
 -12.000  -0.5183   0.16835   0.15802   0.0126  1.0001  0.2780  -1.2887   0.0000   0.0000   0.0000   0.2697
 -11.000  -0.4972   0.15592   0.14568   0.0104  1.0001  0.3136  -1.2772   0.0000   0.0000   0.0000   0.2667
 -10.000  -0.4596   0.13929   0.12917   0.0096  1.0001  0.3631  -1.2123   0.0000   0.0000   0.0000   0.2667
  -9.000  -0.4288   0.12477   0.11484   0.0100  1.0001  0.4244  -1.1517   0.0000   0.0000   0.0000   0.2693
  -8.000  -0.3905   0.10988   0.10007   0.0135  1.0001  0.5329  -1.1046   0.0000   0.0000   0.0000   0.2805
  -7.000  -0.3249   0.09208   0.08235   0.0186  1.0001  0.7302  -1.0897   0.0000   0.0000   0.0000   0.3028
  -6.000  -0.1129   0.06007   0.04985  -0.0139  1.0001  0.9999  -1.0411   0.0000   0.0000   0.0000   0.1158
  -5.000  -0.2545   0.06714   0.05783   0.0156  1.0001  0.7878  -1.1776   0.0000   0.0000   0.0000   0.3076
  -4.000  -0.3064   0.05968   0.05075  -0.0338  1.0001  0.2665  -1.6514   0.0000   0.0000   0.0000   0.1381
  -3.000  -0.1722   0.04165   0.03122  -0.0562  1.0001  0.2487  -1.7621   0.0000   0.0000   0.0000  -0.0788
  -2.000  -0.0379   0.03000   0.01831  -0.0618  1.0001  0.4024  -1.6641   0.0000   0.0000   0.0000  -1.3890
  -1.000   0.0724   0.02224   0.01039  -0.0574  1.0001  0.9999  -1.3135   0.0000   0.0000   0.0000   1.0449
   0.000   0.1797   0.02324   0.00944  -0.0585  1.0001  0.9999  -0.7099   0.0000   0.0000   0.0000   0.5751
   1.000   0.2768   0.02494   0.01028  -0.0588  1.0001  0.9999  -0.5315   0.0000   0.0000   0.0000   0.4609
   2.000   0.3647   0.02767   0.01279  -0.0596  1.0001  0.9999  -0.6445   0.0000   0.0000   0.0000   0.4110
   3.000   0.4381   0.03234   0.01766  -0.0620  1.0001  0.9999  -0.7509   0.0000   0.0000   0.0000   0.3885
   4.000   0.5356   0.04161   0.02758  -0.0767  0.9676  0.9999  -0.8701   0.0000   0.0000   0.0000   0.3894
   5.000   0.8013   0.04920   0.03681  -0.1026  0.7297  0.9999  -1.2776   0.0000   0.0000   0.0000   0.3739
   6.000   0.9239   0.05503   0.04377  -0.0974  0.5900  0.9999  -1.8491   0.0000   0.0000   0.0000   0.3507
   7.000   0.9975   0.06584   0.05537  -0.0911  0.4925  0.9999  -2.3592   0.0000   0.0000   0.0000   0.3359
   8.000   0.9620   0.08790   0.07757  -0.0947  0.4546  0.9999  -2.2848   0.0000   0.0000   0.0000   0.3422
   9.000   0.9250   0.11079   0.10046  -0.1018  0.4544  0.9999  -2.1421   0.0000   0.0000   0.0000   0.3531
  10.000   0.8169   0.13540   0.12470  -0.1236  0.7345  0.9999  -1.6249   0.0000   0.0000   0.0000   0.3931
  11.000   0.8571   0.15305   0.14281  -0.1250  0.6476  0.9999  -1.7770   0.0000   0.0000   0.0000   0.3869
  12.000   0.8987   0.17207   0.16233  -0.1261  0.5621  0.9999  -1.8575   0.0000   0.0000   0.0000   0.3805
  13.000   0.9176   0.18624   0.17669  -0.1259  0.4832  0.9999  -1.8566   0.0000   0.0000   0.0000   0.3765
  14.000   0.9603   0.20669   0.19732  -0.1273  0.4071  0.9999  -1.8362   0.0000   0.0000   0.0000   0.3710
  15.000   0.9885   0.22291   0.21353  -0.1303  0.3531  0.9999  -1.7849   0.0000   0.0000   0.0000   0.3691
  16.000   1.0114   0.23551   0.22621  -0.1357  0.3135  0.9999  -1.7662   0.0000   0.0000   0.0000   0.3701
  17.000   1.0448   0.25165   0.24239  -0.1415  0.2811  0.9999  -1.7968   0.0000   0.0000   0.0000   0.3700
  18.000   1.0789   0.26722   0.25802  -0.1480  0.2536  0.9999  -1.8169   0.0000   0.0000   0.0000   0.3703
  19.000   1.1116   0.28258   0.27340  -0.1555  0.2306  0.9999  -1.8665   0.0000   0.0000   0.0000   0.3714
  20.000   1.1424   0.29487   0.28582  -0.1641  0.2093  0.9999  -1.9081   0.0000   0.0000   0.0000   0.3735
  21.000   1.1759   0.30918   0.30019  -0.1727  0.1922  0.9999  -1.9421   0.0000   0.0000   0.0000   0.3749
  22.000   1.2096   0.32350   0.31456  -0.1816  0.1763  0.9999  -1.9601   0.0000   0.0000   0.0000   0.3763
  23.000   1.2430   0.33779   0.32892  -0.1907  0.1606  0.9999  -1.9661   0.0000   0.0000   0.0000   0.3776
  24.000   1.2791   0.35807   0.34940  -0.1985  0.1470  0.9999  -2.0783   0.0000   0.0000   0.0000   0.3774
  25.000   1.3087   0.36556   0.35699  -0.2096  0.1341  0.9999  -2.1134   0.0000   0.0000   0.0000   0.3801
  26.000   1.3386   0.37651   0.36799  -0.2207  0.1257  0.9999  -2.1302   0.0000   0.0000   0.0000   0.3824
  27.000   1.3726   0.40189   0.39350  -0.2279  0.1140  0.9999  -2.2178   0.0000   0.0000   0.0000   0.3812
  28.000   1.3988   0.39988   0.39156  -0.2419  0.1054  0.9999  -2.1666   0.0000   0.0000   0.0000   0.3853
  29.000   1.4299   0.42898   0.42091  -0.2488  0.0977  0.9999  -2.2400   0.0000   0.0000   0.0000   0.3839
  30.000   1.4546   0.42223   0.41425  -0.2639  0.0921  0.9999  -2.1581   0.0000   0.0000   0.0000   0.3882


