xflr5 v6.61

 Calculated polar for: TJ1_9_00

 1 1 Reynolds number fixed          Mach number fixed         

 xtrf =   1.000 (top)        1.000 (bottom)
 Mach =   0.200     Re =     0.070 e 6     Ncrit =   9.000

  alpha     CL        CD       CDp       Cm    Top Xtr Bot Xtr   Cpmin    Chinge    XCp    
 ------- -------- --------- --------- -------- ------- ------- -------- --------- ---------
 -30.000  -1.0687   0.40032   0.39403   0.1485  1.0001  0.0266  -2.0208   0.0000   0.0000   0.0000   0.3593
 -29.000  -1.0383   0.37649   0.37018   0.1393  1.0001  0.0272  -1.9621   0.0000   0.0000   0.0000   0.3564
 -28.000  -1.0071   0.35533   0.34894   0.1316  1.0001  0.0290  -1.7894   0.0000   0.0000   0.0000   0.3550
 -27.000  -0.9748   0.34352   0.33704   0.1217  1.0001  0.0313  -1.6990   0.0000   0.0000   0.0000   0.3511
 -26.000  -0.9412   0.33200   0.32546   0.1115  1.0001  0.0341  -1.6653   0.0000   0.0000   0.0000   0.3466
 -25.000  -0.9062   0.32127   0.31469   0.1008  1.0001  0.0376  -1.6514   0.0000   0.0000   0.0000   0.3410
 -24.000  -0.8752   0.32382   0.31725   0.0868  1.0001  0.0395  -1.7298   0.0000   0.0000   0.0000   0.3309
 -23.000  -0.8413   0.30867   0.30208   0.0770  1.0001  0.0402  -1.7393   0.0000   0.0000   0.0000   0.3247
 -22.000  -0.7997   0.28335   0.27669   0.0721  1.0001  0.0434  -1.5712   0.0000   0.0000   0.0000   0.3244
 -21.000  -0.7626   0.27055   0.26386   0.0636  1.0001  0.0474  -1.5144   0.0000   0.0000   0.0000   0.3190
 -20.000  -0.7258   0.25873   0.25203   0.0544  1.0001  0.0523  -1.4899   0.0000   0.0000   0.0000   0.3117
 -19.000  -0.7002   0.25810   0.25140   0.0418  1.0001  0.0549  -1.5851   0.0000   0.0000   0.0000   0.2977
 -18.000  -0.6540   0.23246   0.22577   0.0378  1.0001  0.0589  -1.4140   0.0000   0.0000   0.0000   0.2964
 -17.000  -0.6170   0.21913   0.21245   0.0309  1.0001  0.0653  -1.3893   0.0000   0.0000   0.0000   0.2896
 -16.000  -0.5934   0.21299   0.20637   0.0204  1.0001  0.0710  -1.5032   0.0000   0.0000   0.0000   0.2749
 -15.000  -0.5542   0.19386   0.18724   0.0155  1.0001  0.0741  -1.4426   0.0000   0.0000   0.0000   0.2689
 -14.000  -0.5182   0.17968   0.17308   0.0107  1.0001  0.0823  -1.3529   0.0000   0.0000   0.0000   0.2622
 -13.000  -0.5193   0.17592   0.16946  -0.0001  1.0001  0.0882  -1.5136   0.0000   0.0000   0.0000   0.2424
 -12.000  -0.4630   0.15307   0.14662  -0.0004  1.0001  0.0965  -1.2819   0.0000   0.0000   0.0000   0.2418
 -11.000  -0.4718   0.14728   0.14101  -0.0112  1.0001  0.1053  -1.4802   0.0000   0.0000   0.0000   0.2200
 -10.000  -0.4237   0.12817   0.12191  -0.0112  1.0001  0.1204  -1.3866   0.0000   0.0000   0.0000   0.2173
  -9.000  -0.4039   0.11518   0.10909  -0.0154  1.0001  0.1374  -1.4315   0.0000   0.0000   0.0000   0.2062
  -8.000  -0.3851   0.10210   0.09621  -0.0188  1.0001  0.1539  -1.4817   0.0000   0.0000   0.0000   0.1961
  -7.000  -0.3843   0.09087   0.08529  -0.0206  1.0001  0.1718  -1.5580   0.0000   0.0000   0.0000   0.1921
  -6.000  -0.4013   0.08014   0.07491  -0.0280  1.0001  0.1923  -1.7104   0.0000   0.0000   0.0000   0.1769
  -5.000  -0.3672   0.05951   0.05415  -0.0378  1.0001  0.1462  -1.9306   0.0000   0.0000   0.0000   0.1441
  -4.000  -0.2439   0.02978   0.02161  -0.0639  1.0001  0.1021  -2.4825   0.0000   0.0000   0.0000  -0.0169
  -3.000  -0.1259   0.02286   0.01378  -0.0660  1.0001  0.1789  -2.0512   0.0000   0.0000   0.0000  -0.2812
  -2.000  -0.0130   0.01999   0.01102  -0.0665  1.0001  0.3227  -1.4900   0.0000   0.0000   0.0000  -4.9184
  -1.000   0.0967   0.01829   0.01029  -0.0666  1.0001  0.5690  -0.9034   0.0000   0.0000   0.0000   0.9412
   0.000   0.1708   0.01826   0.01071  -0.0612  1.0001  0.9999  -0.5448   0.0000   0.0000   0.0000   0.6078
   1.000   0.3896   0.02039   0.01221  -0.0832  0.9331  0.9999  -0.7097   0.0000   0.0000   0.0000   0.4616
   2.000   0.5794   0.01941   0.01120  -0.0927  0.8443  0.9999  -0.9436   0.0000   0.0000   0.0000   0.4072
   3.000   0.7135   0.01733   0.00898  -0.0878  0.7221  0.9999  -1.1710   0.0000   0.0000   0.0000   0.3695
   4.000   0.8190   0.01847   0.00922  -0.0810  0.5519  0.9999  -1.3913   0.0000   0.0000   0.0000   0.3445
   5.000   0.9215   0.02152   0.01165  -0.0773  0.4332  0.9999  -1.6397   0.0000   0.0000   0.0000   0.3285
   6.000   1.0246   0.02522   0.01519  -0.0745  0.3563  0.9999  -1.9859   0.0000   0.0000   0.0000   0.3163
   7.000   1.1235   0.02982   0.02007  -0.0716  0.2977  0.9999  -2.6580   0.0000   0.0000   0.0000   0.3062
   8.000   1.2152   0.03541   0.02624  -0.0679  0.2482  0.9999  -3.3650   0.0000   0.0000   0.0000   0.2971
   9.000   1.2909   0.04206   0.03372  -0.0626  0.2018  0.9999  -4.0218   0.0000   0.0000   0.0000   0.2885
  10.000   1.3345   0.05054   0.04334  -0.0548  0.1589  0.9999  -4.5067   0.0000   0.0000   0.0000   0.2797
  11.000   1.3563   0.05488   0.04802  -0.0450  0.1091  0.9999  -5.0472   0.0000   0.0000   0.0000   0.2701
  12.000   1.2887   0.07041   0.06442  -0.0368  0.0948  0.9999  -4.9289   0.0000   0.0000   0.0000   0.2642
  16.000   0.7334   0.18460   0.17933  -0.0764  0.1643  0.9999  -1.4903   0.0000   0.0000   0.0000   0.3414
  17.000   0.7199   0.19338   0.18813  -0.0825  0.1449  0.9999  -1.3124   0.0000   0.0000   0.0000   0.3510
  18.000   0.7393   0.20839   0.20320  -0.0858  0.1300  0.9999  -1.2877   0.0000   0.0000   0.0000   0.3513
  19.000   0.7662   0.22567   0.22056  -0.0886  0.1142  0.9999  -1.3109   0.0000   0.0000   0.0000   0.3495
  20.000   0.7532   0.23172   0.22663  -0.0964  0.1044  0.9999  -1.1541   0.0000   0.0000   0.0000   0.3608
  21.000   0.7804   0.25035   0.24540  -0.0990  0.0975  0.9999  -1.2407   0.0000   0.0000   0.0000   0.3581
  22.000   0.7795   0.25886   0.25397  -0.1058  0.0869  0.9999  -1.1530   0.0000   0.0000   0.0000   0.3657
  23.000   0.7995   0.27645   0.27163  -0.1092  0.0812  0.9999  -1.2356   0.0000   0.0000   0.0000   0.3648
  24.000   0.8030   0.28710   0.28236  -0.1156  0.0727  0.9999  -1.1585   0.0000   0.0000   0.0000   0.3707
  25.000   0.8336   0.31187   0.30729  -0.1174  0.0661  0.9999  -1.3184   0.0000   0.0000   0.0000   0.3655
  26.000   0.8248   0.31668   0.31215  -0.1254  0.0612  0.9999  -1.1677   0.0000   0.0000   0.0000   0.3752
  27.000   0.8362   0.33153   0.32711  -0.1299  0.0541  0.9999  -1.2076   0.0000   0.0000   0.0000   0.3763
  28.000   0.8533   0.35360   0.34925  -0.1331  0.0509  0.9999  -1.2805   0.0000   0.0000   0.0000   0.3748
  29.000   0.8517   0.36249   0.35822  -0.1401  0.0464  0.9999  -1.1262   0.0000   0.0000   0.0000   0.3813
  30.000   0.8594   0.37770   0.37358  -0.1449  0.0410  0.9999  -1.0998   0.0000   0.0000   0.0000   0.3829


