xflr5 v6.61

 Calculated polar for: TJ1_7_00

 1 1 Reynolds number fixed          Mach number fixed         

 xtrf =   1.000 (top)        1.000 (bottom)
 Mach =   0.200     Re =     0.125 e 6     Ncrit =   9.000

  alpha     CL        CD       CDp       Cm    Top Xtr Bot Xtr   Cpmin    Chinge    XCp    
 ------- -------- --------- --------- -------- ------- ------- -------- --------- ---------
 -29.000  -1.0693   0.37939   0.37481   0.1501  1.0001  0.0110  -2.0485   0.0000   0.0000   0.0000   0.3666
 -28.000  -1.0411   0.36078   0.35613   0.1420  1.0001  0.0117  -1.8828   0.0000   0.0000   0.0000   0.3646
 -27.000  -1.0101   0.34916   0.34444   0.1318  1.0001  0.0126  -1.8053   0.0000   0.0000   0.0000   0.3606
 -26.000  -0.9773   0.33735   0.33259   0.1215  1.0001  0.0138  -1.7422   0.0000   0.0000   0.0000   0.3562
 -25.000  -0.9429   0.32530   0.32050   0.1112  1.0001  0.0155  -1.6863   0.0000   0.0000   0.0000   0.3515
 -24.000  -0.9062   0.31614   0.31133   0.0996  1.0001  0.0169  -1.7337   0.0000   0.0000   0.0000   0.3449
 -23.000  -0.8730   0.31081   0.30595   0.0875  1.0001  0.0172  -1.8294   0.0000   0.0000   0.0000   0.3367
 -22.000  -0.8368   0.29145   0.28659   0.0794  1.0001  0.0176  -1.7800   0.0000   0.0000   0.0000   0.3325
 -21.000  -0.8008   0.27427   0.26938   0.0728  1.0001  0.0190  -1.5872   0.0000   0.0000   0.0000   0.3297
 -20.000  -0.7645   0.26126   0.25636   0.0644  1.0001  0.0208  -1.4808   0.0000   0.0000   0.0000   0.3241
 -19.000  -0.7278   0.24826   0.24331   0.0558  1.0001  0.0234  -1.4826   0.0000   0.0000   0.0000   0.3176
 -18.000  -0.6931   0.24038   0.23544   0.0446  1.0001  0.0263  -1.6319   0.0000   0.0000   0.0000   0.3062
 -17.000  -0.6687   0.23425   0.22937   0.0341  1.0001  0.0267  -1.7707   0.0000   0.0000   0.0000   0.2938
 -16.000  -0.6228   0.20785   0.20296   0.0315  1.0001  0.0288  -1.5602   0.0000   0.0000   0.0000   0.2938
 -15.000  -0.5888   0.19409   0.18917   0.0256  1.0001  0.0318  -1.4487   0.0000   0.0000   0.0000   0.2872
 -14.000  -0.5571   0.18071   0.17581   0.0190  1.0001  0.0357  -1.3920   0.0000   0.0000   0.0000   0.2784
 -13.000  -0.5361   0.17169   0.16685   0.0094  1.0001  0.0391  -1.5154   0.0000   0.0000   0.0000   0.2626
 -12.000  -0.5214   0.16183   0.15708   0.0001  1.0001  0.0397  -1.7049   0.0000   0.0000   0.0000   0.2458
 -11.000  -0.4764   0.13947   0.13470   0.0019  1.0001  0.0479  -1.4690   0.0000   0.0000   0.0000   0.2496
 -10.000  -0.4619   0.12890   0.12424  -0.0074  1.0001  0.0542  -1.6357   0.0000   0.0000   0.0000   0.2301
  -9.000  -0.4448   0.11365   0.10914  -0.0144  1.0001  0.0565  -1.7383   0.0000   0.0000   0.0000   0.2141
  -8.000  -0.4093   0.09945   0.09500  -0.0150  1.0001  0.0642  -1.5282   0.0000   0.0000   0.0000   0.2102
  -7.000  -0.4040   0.08952   0.08532  -0.0346  1.0001  0.0715  -1.8077   0.0000   0.0000   0.0000   0.1618
  -6.000  -0.3848   0.07503   0.07099  -0.0266  1.0001  0.0784  -1.5375   0.0000   0.0000   0.0000   0.1786
  -5.000  -0.3486   0.06023   0.05618  -0.0398  1.0001  0.0921  -1.5716   0.0000   0.0000   0.0000   0.1340
  -4.000  -0.2643   0.04532   0.04066  -0.0538  1.0001  0.1241  -1.5759   0.0000   0.0000   0.0000   0.0448
  -3.000  -0.1020   0.02101   0.01342  -0.0682  1.0001  0.0445  -2.2881   0.0000   0.0000   0.0000  -0.4245
  -2.000   0.0279   0.01574   0.00749  -0.0708  1.0001  0.0786  -1.9474   0.0000   0.0000   0.0000   2.8017
  -1.000   0.1516   0.01197   0.00639  -0.0729  1.0001  0.7882  -1.2021   0.0000   0.0000   0.0000   0.7317
   0.000   0.2738   0.01280   0.00664  -0.0762  0.9871  0.9999  -0.4923   0.0000   0.0000   0.0000   0.5277
   1.000   0.4687   0.01308   0.00659  -0.0917  0.9353  0.9999  -0.6863   0.0000   0.0000   0.0000   0.4441
   2.000   0.6139   0.01214   0.00570  -0.0939  0.8677  0.9999  -0.8965   0.0000   0.0000   0.0000   0.4008
   3.000   0.7245   0.01139   0.00478  -0.0881  0.7402  0.9999  -1.1171   0.0000   0.0000   0.0000   0.3687
   4.000   0.8221   0.01296   0.00531  -0.0819  0.5136  0.9999  -1.4031   0.0000   0.0000   0.0000   0.3459
   5.000   0.9193   0.01575   0.00732  -0.0782  0.3561  0.9999  -2.0695   0.0000   0.0000   0.0000   0.3304
   6.000   1.0195   0.01866   0.01008  -0.0755  0.2645  0.9999  -2.9030   0.0000   0.0000   0.0000   0.3183
   7.000   1.1139   0.02097   0.01260  -0.0721  0.1749  0.9999  -3.8728   0.0000   0.0000   0.0000   0.3078
   8.000   1.1875   0.02660   0.01807  -0.0661  0.0498  0.9999  -4.5374   0.0000   0.0000   0.0000   0.2975
   9.000   1.2529   0.03688   0.02907  -0.0587  0.0377  0.9999  -4.9624   0.0000   0.0000   0.0000   0.2874
  10.000   1.2811   0.04991   0.04374  -0.0497  0.0345  0.9999  -5.3342   0.0000   0.0000   0.0000   0.2782
  11.000   1.2256   0.06567   0.06081  -0.0411  0.0343  0.9999  -5.2364   0.0000   0.0000   0.0000   0.2718
  12.000   1.1351   0.09332   0.08920  -0.0552  0.0354  0.9999  -4.7540   0.0000   0.0000   0.0000   0.2857
  13.000   0.8036   0.12244   0.11872  -0.0570  0.0462  0.9999  -2.7111   0.0000   0.0000   0.0000   0.3095
  14.000   0.7683   0.14404   0.14020  -0.0654  0.0501  0.9999  -2.2066   0.0000   0.0000   0.0000   0.3236
  15.000   0.7421   0.16924   0.16540  -0.0767  0.0847  0.9999  -1.5040   0.0000   0.0000   0.0000   0.3421
  16.000   0.7562   0.18563   0.18181  -0.0804  0.0811  0.9999  -1.5099   0.0000   0.0000   0.0000   0.3441
  17.000   0.7548   0.19597   0.19221  -0.0867  0.0687  0.9999  -1.4288   0.0000   0.0000   0.0000   0.3517
  18.000   0.7713   0.21257   0.20883  -0.0905  0.0655  0.9999  -1.4380   0.0000   0.0000   0.0000   0.3530
  19.000   0.7705   0.22319   0.21947  -0.0979  0.0567  0.9999  -1.3286   0.0000   0.0000   0.0000   0.3617
  20.000   0.8044   0.24419   0.24054  -0.0988  0.0510  0.9999  -1.5452   0.0000   0.0000   0.0000   0.3559
  21.000   0.7943   0.25127   0.24763  -0.1079  0.0459  0.9999  -1.2811   0.0000   0.0000   0.0000   0.3678
  22.000   0.8088   0.26515   0.26161  -0.1121  0.0397  0.9999  -1.2921   0.0000   0.0000   0.0000   0.3691
  23.000   0.8316   0.28664   0.28314  -0.1146  0.0369  0.9999  -1.4082   0.0000   0.0000   0.0000   0.3666
  24.000   0.8299   0.29519   0.29173  -0.1226  0.0332  0.9999  -1.2368   0.0000   0.0000   0.0000   0.3751
  25.000   0.8412   0.30991   0.30651  -0.1274  0.0285  0.9999  -1.2638   0.0000   0.0000   0.0000   0.3770


