xflr5 v6.61

 Calculated polar for: TJ1_9_00

 1 1 Reynolds number fixed          Mach number fixed         

 xtrf =   1.000 (top)        1.000 (bottom)
 Mach =   0.200     Re =     0.500 e 6     Ncrit =   9.000

  alpha     CL        CD       CDp       Cm    Top Xtr Bot Xtr   Cpmin    Chinge    XCp    
 ------- -------- --------- --------- -------- ------- ------- -------- --------- ---------
 -18.000  -0.4139   0.18072   0.17848   0.0061  1.0001  0.0118  -1.1001   0.0000   0.0000   0.0000   0.2585
 -17.000  -0.3906   0.17096   0.16871   0.0013  1.0001  0.0130  -1.0683   0.0000   0.0000   0.0000   0.2478
 -16.000  -0.3689   0.16095   0.15869  -0.0035  1.0001  0.0154  -1.1235   0.0000   0.0000   0.0000   0.2350
 -15.000  -0.3539   0.15244   0.15017  -0.0097  1.0001  0.0171  -1.3175   0.0000   0.0000   0.0000   0.2170
 -14.000  -0.3385   0.14305   0.14078  -0.0143  1.0001  0.0172  -1.3660   0.0000   0.0000   0.0000   0.2021
 -13.000  -0.3287   0.13123   0.12897  -0.0169  1.0001  0.0184  -1.3918   0.0000   0.0000   0.0000   0.1927
 -12.000  -0.3161   0.12230   0.12005  -0.0189  1.0001  0.0195  -1.2743   0.0000   0.0000   0.0000   0.1844
 -11.000  -0.3020   0.11053   0.10829  -0.0222  1.0001  0.0212  -1.2510   0.0000   0.0000   0.0000   0.1709
 -10.000  -0.2927   0.09682   0.09462  -0.0261  1.0001  0.0238  -1.3387   0.0000   0.0000   0.0000   0.1553
  -9.000  -0.2865   0.08251   0.08036  -0.0315  1.0001  0.0265  -1.5087   0.0000   0.0000   0.0000   0.1348
  -8.000  -0.2982   0.06786   0.06581  -0.0324  1.0001  0.0266  -1.6824   0.0000   0.0000   0.0000   0.1366
  -6.000  -0.3474   0.01809   0.01338  -0.0836  0.9851  0.0131  -4.4332   0.0000   0.0000   0.0000   0.0021
  -5.000  -0.1983   0.01296   0.00738  -0.0912  0.9776  0.0169  -3.6717   0.0000   0.0000   0.0000  -0.2195
  -4.000  -0.0523   0.01011   0.00422  -0.0973  0.9655  0.0353  -2.7025   0.0000   0.0000   0.0000  -1.6368
  -3.000   0.0754   0.00874   0.00310  -0.0989  0.9446  0.1269  -1.7056   0.0000   0.0000   0.0000   1.5733
  -2.000   0.1835   0.00791   0.00247  -0.0960  0.9120  0.2185  -1.0055   0.0000   0.0000   0.0000   0.7756
  -1.000   0.2937   0.00710   0.00198  -0.0938  0.8713  0.3561  -0.5510   0.0000   0.0000   0.0000   0.5695
   0.000   0.4045   0.00620   0.00178  -0.0920  0.8012  0.6499  -0.6889   0.0000   0.0000   0.0000   0.4763
   1.000   0.5054   0.00592   0.00169  -0.0872  0.6783  0.9999  -0.8386   0.0000   0.0000   0.0000   0.4204
   2.000   0.6157   0.00700   0.00197  -0.0859  0.5229  0.9999  -1.0153   0.0000   0.0000   0.0000   0.3865
   3.000   0.7258   0.00826   0.00252  -0.0849  0.3847  0.9999  -1.2236   0.0000   0.0000   0.0000   0.3632
   4.000   0.8363   0.00946   0.00326  -0.0840  0.2927  0.9999  -1.4665   0.0000   0.0000   0.0000   0.3457
   5.000   0.9466   0.01062   0.00420  -0.0830  0.2366  0.9999  -1.7565   0.0000   0.0000   0.0000   0.3319
   6.000   1.0560   0.01179   0.00527  -0.0817  0.1923  0.9999  -2.2870   0.0000   0.0000   0.0000   0.3206
   7.000   1.1630   0.01312   0.00645  -0.0802  0.1442  0.9999  -3.1081   0.0000   0.0000   0.0000   0.3109
   8.000   1.2672   0.01469   0.00800  -0.0781  0.1041  0.9999  -3.9772   0.0000   0.0000   0.0000   0.3022
   9.000   1.3606   0.01738   0.01047  -0.0746  0.0422  0.9999  -4.8669   0.0000   0.0000   0.0000   0.2941
  10.000   1.4399   0.02131   0.01453  -0.0690  0.0153  0.9999  -5.7552   0.0000   0.0000   0.0000   0.2856
  11.000   1.5038   0.02554   0.01929  -0.0615  0.0135  0.9999  -6.6429   0.0000   0.0000   0.0000   0.2770
  12.000   1.5234   0.03163   0.02600  -0.0502  0.0127  0.9999  -7.2895   0.0000   0.0000   0.0000   0.2674
  13.000   1.5134   0.04199   0.03701  -0.0432  0.0122  0.9999  -7.7208   0.0000   0.0000   0.0000   0.2612
  14.000   1.4760   0.05993   0.05563  -0.0460  0.0119  0.9999  -7.8781   0.0000   0.0000   0.0000   0.2618
  15.000   1.4146   0.08544   0.08178  -0.0568  0.0118  0.9999  -7.7369   0.0000   0.0000   0.0000   0.2689
  16.000   1.3446   0.11417   0.11104  -0.0700  0.0119  0.9999  -7.4010   0.0000   0.0000   0.0000   0.2791
  17.000   1.2798   0.14450   0.14184  -0.0856  0.0120  0.9999  -6.9224   0.0000   0.0000   0.0000   0.2925
  18.000   1.2035   0.18282   0.18066  -0.1082  0.0124  0.9999  -5.9010   0.0000   0.0000   0.0000   0.3150
  19.000   0.7858   0.19771   0.19582  -0.0899  0.0157  0.9999  -2.2658   0.0000   0.0000   0.0000   0.3456
  20.000   1.1306   0.27123   0.26911  -0.1568  0.0221  0.9999  -2.3611   0.0000   0.0000   0.0000   0.3652
  21.000   1.1622   0.28557   0.28347  -0.1664  0.0183  0.9999  -2.5166   0.0000   0.0000   0.0000   0.3676
  22.000   1.1902   0.30141   0.29934  -0.1744  0.0161  0.9999  -2.6235   0.0000   0.0000   0.0000   0.3688
  23.000   1.2231   0.31808   0.31601  -0.1882  0.0139  0.9999  -2.3874   0.0000   0.0000   0.0000   0.3744
  24.000   1.2547   0.33086   0.32883  -0.1978  0.0112  0.9999  -2.5814   0.0000   0.0000   0.0000   0.3758
  25.000   1.2834   0.34595   0.34392  -0.2068  0.0102  0.9999  -2.7042   0.0000   0.0000   0.0000   0.3769
  26.000   1.3168   0.36180   0.35979  -0.2206  0.0084  0.9999  -2.5056   0.0000   0.0000   0.0000   0.3811
  27.000   1.3463   0.37312   0.37117  -0.2309  0.0070  0.9999  -2.6798   0.0000   0.0000   0.0000   0.3823
  28.000   1.3739   0.38525   0.38331  -0.2403  0.0063  0.9999  -2.7261   0.0000   0.0000   0.0000   0.3829
  29.000   1.4070   0.39873   0.39679  -0.2542  0.0057  0.9999  -2.3978   0.0000   0.0000   0.0000   0.3862
  30.000   1.4351   0.40990   0.40799  -0.2656  0.0044  0.9999  -2.5015   0.0000   0.0000   0.0000   0.3875


