xflr5 v6.61

 Calculated polar for: TJ1_10_00

 1 1 Reynolds number fixed          Mach number fixed         

 xtrf =   1.000 (top)        1.000 (bottom)
 Mach =   0.200     Re =     0.075 e 6     Ncrit =   9.000

  alpha     CL        CD       CDp       Cm    Top Xtr Bot Xtr   Cpmin    Chinge    XCp    
 ------- -------- --------- --------- -------- ------- ------- -------- --------- ---------
 -23.000  -0.8190   0.29360   0.28709   0.0775  1.0001  0.0426  -1.6123   0.0000   0.0000   0.0000   0.3255
 -22.000  -0.7818   0.28075   0.27421   0.0690  1.0001  0.0463  -1.5323   0.0000   0.0000   0.0000   0.3206
 -21.000  -0.7447   0.26859   0.26204   0.0599  1.0001  0.0510  -1.4848   0.0000   0.0000   0.0000   0.3141
 -20.000  -0.7175   0.26819   0.26169   0.0467  1.0001  0.0549  -1.5706   0.0000   0.0000   0.0000   0.3003
 -19.000  -0.6748   0.24489   0.23835   0.0409  1.0001  0.0570  -1.5151   0.0000   0.0000   0.0000   0.2965
 -18.000  -0.6344   0.22985   0.22330   0.0351  1.0001  0.0621  -1.4228   0.0000   0.0000   0.0000   0.2921
 -17.000  -0.5992   0.21783   0.21129   0.0269  1.0001  0.0688  -1.4144   0.0000   0.0000   0.0000   0.2826
 -16.000  -0.5891   0.21686   0.21043   0.0149  1.0001  0.0715  -1.5691   0.0000   0.0000   0.0000   0.2643
 -15.000  -0.5317   0.19072   0.18424   0.0132  1.0001  0.0765  -1.3434   0.0000   0.0000   0.0000   0.2640
 -14.000  -0.5014   0.17850   0.17207   0.0067  1.0001  0.0857  -1.3004   0.0000   0.0000   0.0000   0.2531
 -13.000  -0.4867   0.16717   0.16086  -0.0016  1.0001  0.0897  -1.4330   0.0000   0.0000   0.0000   0.2374
 -12.000  -0.4471   0.15169   0.14542  -0.0042  1.0001  0.1022  -1.3750   0.0000   0.0000   0.0000   0.2315
 -11.000  -0.4210   0.13776   0.13160  -0.0084  1.0001  0.1138  -1.4065   0.0000   0.0000   0.0000   0.2216
 -10.000  -0.4121   0.12533   0.11930  -0.0151  1.0001  0.1249  -1.5312   0.0000   0.0000   0.0000   0.2055
  -9.000  -0.4190   0.11622   0.11041  -0.0239  1.0001  0.1397  -1.6934   0.0000   0.0000   0.0000   0.1863
  -8.000  -0.3965   0.10159   0.09598  -0.0254  1.0001  0.1565  -1.6934   0.0000   0.0000   0.0000   0.1800
  -7.000  -0.4094   0.09040   0.08513  -0.0274  1.0001  0.1740  -1.7838   0.0000   0.0000   0.0000   0.1783
  -6.000  -0.4151   0.06577   0.06046  -0.0420  1.0001  0.1216  -2.2442   0.0000   0.0000   0.0000   0.1444
  -5.000  -0.3615   0.03760   0.03089  -0.0585  1.0001  0.0975  -2.6868   0.0000   0.0000   0.0000   0.0830
  -4.000  -0.2496   0.02633   0.01769  -0.0636  1.0001  0.1406  -2.4189   0.0000   0.0000   0.0000  -0.0110
  -3.000  -0.1403   0.02273   0.01383  -0.0640  1.0001  0.2202  -1.8878   0.0000   0.0000   0.0000  -0.2143
  -2.000  -0.0324   0.02082   0.01197  -0.0645  1.0001  0.3225  -1.3089   0.0000   0.0000   0.0000  -1.7589
  -1.000   0.0716   0.02004   0.01177  -0.0650  1.0001  0.4736  -0.8422   0.0000   0.0000   0.0000   1.1617
   0.000   0.2383   0.01948   0.01233  -0.0749  0.9596  0.9999  -0.5925   0.0000   0.0000   0.0000   0.5634
   1.000   0.4406   0.01963   0.01195  -0.0897  0.8827  0.9999  -0.8044   0.0000   0.0000   0.0000   0.4514
   2.000   0.5946   0.01773   0.00990  -0.0904  0.7948  0.9999  -1.0142   0.0000   0.0000   0.0000   0.3989
   3.000   0.7141   0.01677   0.00838  -0.0844  0.6594  0.9999  -1.2220   0.0000   0.0000   0.0000   0.3643
   4.000   0.8182   0.01865   0.00927  -0.0794  0.5127  0.9999  -1.4268   0.0000   0.0000   0.0000   0.3422
   5.000   0.9221   0.02161   0.01172  -0.0765  0.4162  0.9999  -1.6589   0.0000   0.0000   0.0000   0.3271
   6.000   1.0267   0.02514   0.01506  -0.0742  0.3521  0.9999  -1.9433   0.0000   0.0000   0.0000   0.3153
   7.000   1.1281   0.02933   0.01938  -0.0717  0.3030  0.9999  -2.2980   0.0000   0.0000   0.0000   0.3055
   8.000   1.2179   0.03478   0.02558  -0.0682  0.2619  0.9999  -2.9281   0.0000   0.0000   0.0000   0.2967
   9.000   1.2940   0.04127   0.03284  -0.0633  0.2246  0.9999  -3.5497   0.0000   0.0000   0.0000   0.2884
  10.000   1.3452   0.04955   0.04211  -0.0567  0.1923  0.9999  -4.0812   0.0000   0.0000   0.0000   0.2803
  11.000   1.3797   0.05797   0.05113  -0.0493  0.1633  0.9999  -4.5649   0.0000   0.0000   0.0000   0.2724
  12.000   1.2043   0.08626   0.08051  -0.0463  0.1632  0.9999  -3.9176   0.0000   0.0000   0.0000   0.2741
  15.000   0.9763   0.20031   0.19447  -0.1097  0.1975  0.9999  -2.1166   0.0000   0.0000   0.0000   0.3469
  16.000   1.0024   0.21572   0.21001  -0.1145  0.1637  0.9999  -2.1256   0.0000   0.0000   0.0000   0.3472
  17.000   1.0141   0.22888   0.22317  -0.1249  0.1360  0.9999  -1.9758   0.0000   0.0000   0.0000   0.3547
  18.000   1.0399   0.24496   0.23931  -0.1342  0.1220  0.9999  -1.9025   0.0000   0.0000   0.0000   0.3590
  19.000   1.0713   0.26070   0.25506  -0.1424  0.1107  0.9999  -1.8830   0.0000   0.0000   0.0000   0.3612
  20.000   1.1109   0.27730   0.27175  -0.1481  0.0993  0.9999  -1.9659   0.0000   0.0000   0.0000   0.3597
  21.000   1.1344   0.29020   0.28462  -0.1615  0.0939  0.9999  -1.8870   0.0000   0.0000   0.0000   0.3668
  22.000   1.1738   0.30692   0.30144  -0.1671  0.0831  0.9999  -2.0445   0.0000   0.0000   0.0000   0.3647
  23.000   1.1995   0.31830   0.31287  -0.1810  0.0781  0.9999  -1.9916   0.0000   0.0000   0.0000   0.3712
  24.000   1.2330   0.33159   0.32624  -0.1903  0.0694  0.9999  -2.0812   0.0000   0.0000   0.0000   0.3723
  25.000   1.2703   0.35718   0.35190  -0.1956  0.0659  0.9999  -2.2289   0.0000   0.0000   0.0000   0.3696
  26.000   1.2950   0.35785   0.35259  -0.2125  0.0581  0.9999  -2.1479   0.0000   0.0000   0.0000   0.3771
  27.000   1.3282   0.37392   0.36883  -0.2194  0.0523  0.9999  -2.3435   0.0000   0.0000   0.0000   0.3755
  28.000   1.3572   0.39038   0.38531  -0.2302  0.0505  0.9999  -2.3515   0.0000   0.0000   0.0000   0.3772
  29.000   1.3856   0.39339   0.38837  -0.2454  0.0440  0.9999  -2.2519   0.0000   0.0000   0.0000   0.3818
  30.000   1.4137   0.40495   0.40002  -0.2552  0.0394  0.9999  -2.3229   0.0000   0.0000   0.0000   0.3820


