xflr5 v6.61

 Calculated polar for: TJ1_7_00

 1 1 Reynolds number fixed          Mach number fixed         

 xtrf =   1.000 (top)        1.000 (bottom)
 Mach =   0.200     Re =     0.060 e 6     Ncrit =   9.000

  alpha     CL        CD       CDp       Cm    Top Xtr Bot Xtr   Cpmin    Chinge    XCp    
 ------- -------- --------- --------- -------- ------- ------- -------- --------- ---------
 -30.000  -1.0975   0.38173   0.37514   0.1611  1.0001  0.0241  -1.8238   0.0000   0.0000   0.0000   0.3710
 -29.000  -1.0666   0.37409   0.36744   0.1491  1.0001  0.0258  -1.8517   0.0000   0.0000   0.0000   0.3662
 -28.000  -1.0371   0.38053   0.37385   0.1347  1.0001  0.0266  -1.9414   0.0000   0.0000   0.0000   0.3586
 -27.000  -1.0051   0.35635   0.34961   0.1260  1.0001  0.0273  -1.8709   0.0000   0.0000   0.0000   0.3558
 -26.000  -0.9729   0.33696   0.33013   0.1182  1.0001  0.0294  -1.7140   0.0000   0.0000   0.0000   0.3535
 -25.000  -0.9394   0.32464   0.31776   0.1085  1.0001  0.0320  -1.6229   0.0000   0.0000   0.0000   0.3492
 -24.000  -0.9047   0.31266   0.30567   0.0987  1.0001  0.0349  -1.6069   0.0000   0.0000   0.0000   0.3442
 -23.000  -0.8688   0.30212   0.29511   0.0882  1.0001  0.0380  -1.6122   0.0000   0.0000   0.0000   0.3381
 -22.000  -0.8390   0.30506   0.29807   0.0749  1.0001  0.0395  -1.7054   0.0000   0.0000   0.0000   0.3274
 -21.000  -0.7983   0.27677   0.26977   0.0693  1.0001  0.0418  -1.5563   0.0000   0.0000   0.0000   0.3258
 -20.000  -0.7613   0.26222   0.25519   0.0618  1.0001  0.0460  -1.4584   0.0000   0.0000   0.0000   0.3213
 -19.000  -0.7250   0.24977   0.24267   0.0533  1.0001  0.0510  -1.4636   0.0000   0.0000   0.0000   0.3145
 -18.000  -0.6953   0.24508   0.23802   0.0421  1.0001  0.0546  -1.5652   0.0000   0.0000   0.0000   0.3027
 -17.000  -0.6577   0.22603   0.21902   0.0357  1.0001  0.0569  -1.5202   0.0000   0.0000   0.0000   0.2970
 -16.000  -0.6195   0.21002   0.20300   0.0305  1.0001  0.0633  -1.3997   0.0000   0.0000   0.0000   0.2926
 -15.000  -0.5960   0.20328   0.19627   0.0210  1.0001  0.0709  -1.4478   0.0000   0.0000   0.0000   0.2794
 -14.000  -0.5569   0.18385   0.17688   0.0171  1.0001  0.0768  -1.3244   0.0000   0.0000   0.0000   0.2753
 -13.000  -0.5323   0.17289   0.16598   0.0103  1.0001  0.0867  -1.3808   0.0000   0.0000   0.0000   0.2645
 -12.000  -0.5033   0.15751   0.15068   0.0057  1.0001  0.0927  -1.3949   0.0000   0.0000   0.0000   0.2568
 -11.000  -0.4896   0.14805   0.14134  -0.0012  1.0001  0.1045  -1.4701   0.0000   0.0000   0.0000   0.2436
 -10.000  -0.4538   0.13091   0.12423  -0.0033  1.0001  0.1155  -1.3915   0.0000   0.0000   0.0000   0.2389
  -9.000  -0.4347   0.11816   0.11164  -0.0083  1.0001  0.1277  -1.3949   0.0000   0.0000   0.0000   0.2276
  -8.000  -0.4167   0.10585   0.09954  -0.0128  1.0001  0.1440  -1.3757   0.0000   0.0000   0.0000   0.2165
  -7.000  -0.3990   0.09380   0.08770  -0.0150  1.0001  0.1641  -1.3182   0.0000   0.0000   0.0000   0.2099
  -6.000  -0.3947   0.08349   0.07775  -0.0224  1.0001  0.1932  -1.3536   0.0000   0.0000   0.0000   0.1914
  -3.000  -0.1199   0.02873   0.01994  -0.0672  1.0001  0.1007  -2.0119   0.0000   0.0000   0.0000  -0.3151
  -2.000   0.0082   0.02073   0.01082  -0.0692  1.0001  0.1625  -1.8319   0.0000   0.0000   0.0000   8.7237
  -1.000   0.1068   0.01535   0.00781  -0.0637  1.0001  0.9999  -1.2817   0.0000   0.0000   0.0000   0.8483
   0.000   0.2145   0.01649   0.00765  -0.0649  1.0001  0.9999  -0.6484   0.0000   0.0000   0.0000   0.5517
   1.000   0.3118   0.01841   0.00907  -0.0656  1.0001  0.9999  -0.5571   0.0000   0.0000   0.0000   0.4589
   2.000   0.4671   0.02148   0.01210  -0.0789  0.9641  0.9999  -0.7347   0.0000   0.0000   0.0000   0.4168
   3.000   0.6875   0.02083   0.01201  -0.0942  0.8444  0.9999  -1.0378   0.0000   0.0000   0.0000   0.3842
   4.000   0.8201   0.01860   0.00980  -0.0861  0.6671  0.9999  -1.3515   0.0000   0.0000   0.0000   0.3514
   5.000   0.9191   0.02149   0.01182  -0.0787  0.4748  0.9999  -1.9500   0.0000   0.0000   0.0000   0.3312
   6.000   1.0185   0.02595   0.01609  -0.0745  0.3558  0.9999  -2.7280   0.0000   0.0000   0.0000   0.3176
   7.000   1.1113   0.03147   0.02213  -0.0699  0.2594  0.9999  -3.5249   0.0000   0.0000   0.0000   0.3063
   8.000   1.1783   0.03596   0.02688  -0.0622  0.1383  0.9999  -4.2771   0.0000   0.0000   0.0000   0.2948
   9.000   1.2298   0.04874   0.04037  -0.0541  0.0804  0.9999  -4.4682   0.0000   0.0000   0.0000   0.2849
  10.000   1.2055   0.06705   0.06064  -0.0457  0.0739  0.9999  -4.3043   0.0000   0.0000   0.0000   0.2780
  11.000   1.1014   0.09202   0.08638  -0.0513  0.0783  0.9999  -3.8354   0.0000   0.0000   0.0000   0.2857
  15.000   1.0172   0.21614   0.21021  -0.1157  0.1473  0.9999  -1.9970   0.0000   0.0000   0.0000   0.3507
  16.000   1.0340   0.22967   0.22373  -0.1244  0.1324  0.9999  -1.9702   0.0000   0.0000   0.0000   0.3560
  17.000   1.0505   0.24251   0.23650  -0.1361  0.1209  0.9999  -1.8749   0.0000   0.0000   0.0000   0.3638
  18.000   1.0807   0.25794   0.25193  -0.1447  0.1090  0.9999  -1.9212   0.0000   0.0000   0.0000   0.3666
  19.000   1.1257   0.28265   0.27679  -0.1479  0.0977  0.9999  -2.1228   0.0000   0.0000   0.0000   0.3626
  20.000   1.1452   0.28753   0.28163  -0.1628  0.0878  0.9999  -2.0031   0.0000   0.0000   0.0000   0.3715
  21.000   1.1833   0.30921   0.30336  -0.1685  0.0812  0.9999  -2.0927   0.0000   0.0000   0.0000   0.3701
  22.000   1.2116   0.31658   0.31075  -0.1816  0.0703  0.9999  -2.0182   0.0000   0.0000   0.0000   0.3756
  23.000   1.2479   0.33931   0.33353  -0.1880  0.0656  0.9999  -2.1861   0.0000   0.0000   0.0000   0.3744
  24.000   1.2766   0.34428   0.33858  -0.2027  0.0589  0.9999  -2.1201   0.0000   0.0000   0.0000   0.3804
  25.000   1.3109   0.36318   0.35760  -0.2093  0.0522  0.9999  -2.2911   0.0000   0.0000   0.0000   0.3790
  26.000   1.3402   0.37386   0.36826  -0.2221  0.0497  0.9999  -2.2241   0.0000   0.0000   0.0000   0.3827
  27.000   1.3714   0.38294   0.37740  -0.2347  0.0440  0.9999  -2.1702   0.0000   0.0000   0.0000   0.3856
  28.000   1.4013   0.39581   0.39037  -0.2443  0.0393  0.9999  -2.2205   0.0000   0.0000   0.0000   0.3862
  29.000   1.4304   0.43044   0.42514  -0.2496  0.0370  0.9999  -2.3309   0.0000   0.0000   0.0000   0.3838
  30.000   1.4569   0.41914   0.41387  -0.2670  0.0355  0.9999  -2.1442   0.0000   0.0000   0.0000   0.3895


