xflr5 v6.61

 Calculated polar for: TJ1_11_00

 1 1 Reynolds number fixed          Mach number fixed         

 xtrf =   1.000 (top)        1.000 (bottom)
 Mach =   0.200     Re =     0.025 e 6     Ncrit =   9.000

  alpha     CL        CD       CDp       Cm    Top Xtr Bot Xtr   Cpmin    Chinge    XCp    
 ------- -------- --------- --------- -------- ------- ------- -------- --------- ---------
 -29.000  -1.0020   0.36458   0.35366   0.1296  1.0001  0.0927  -1.7167   0.0000   0.0000   0.0000   0.3475
 -28.000  -0.9698   0.35337   0.34228   0.1195  1.0001  0.1003  -1.6621   0.0000   0.0000   0.0000   0.3436
 -27.000  -0.9425   0.35903   0.34792   0.1062  1.0001  0.1053  -1.6745   0.0000   0.0000   0.0000   0.3356
 -26.000  -0.9035   0.33124   0.32006   0.0992  1.0001  0.1116  -1.5878   0.0000   0.0000   0.0000   0.3341
 -25.000  -0.8697   0.32243   0.31119   0.0890  1.0001  0.1202  -1.5661   0.0000   0.0000   0.0000   0.3285
 -24.000  -0.8361   0.31216   0.30085   0.0790  1.0001  0.1246  -1.5436   0.0000   0.0000   0.0000   0.3223
 -23.000  -0.7977   0.29703   0.28566   0.0709  1.0001  0.1349  -1.4641   0.0000   0.0000   0.0000   0.3182
 -22.000  -0.7663   0.29049   0.27917   0.0607  1.0001  0.1411  -1.4632   0.0000   0.0000   0.0000   0.3101
 -21.000  -0.7268   0.27538   0.26402   0.0533  1.0001  0.1548  -1.4191   0.0000   0.0000   0.0000   0.3054
 -20.000  -0.6880   0.26061   0.24927   0.0459  1.0001  0.1659  -1.3789   0.0000   0.0000   0.0000   0.2999
 -19.000  -0.6558   0.25129   0.23994   0.0375  1.0001  0.1766  -1.3692   0.0000   0.0000   0.0000   0.2915
 -18.000  -0.6254   0.24325   0.23195   0.0300  1.0001  0.1913  -1.3483   0.0000   0.0000   0.0000   0.2834
 -17.000  -0.5858   0.22725   0.21601   0.0241  1.0001  0.2078  -1.2974   0.0000   0.0000   0.0000   0.2772
 -16.000  -0.5541   0.21556   0.20441   0.0181  1.0001  0.2257  -1.3176   0.0000   0.0000   0.0000   0.2697
 -15.000  -0.5133   0.19882   0.18769   0.0136  1.0001  0.2492  -1.3073   0.0000   0.0000   0.0000   0.2639
 -14.000  -0.4835   0.18703   0.17600   0.0092  1.0001  0.2760  -1.3210   0.0000   0.0000   0.0000   0.2571
 -13.000  -0.4508   0.17296   0.16206   0.0056  1.0001  0.3022  -1.3238   0.0000   0.0000   0.0000   0.2509
 -12.000  -0.4233   0.16021   0.14945   0.0030  1.0001  0.3360  -1.3270   0.0000   0.0000   0.0000   0.2459
 -11.000  -0.3958   0.14731   0.13666   0.0021  1.0001  0.3873  -1.3131   0.0000   0.0000   0.0000   0.2444
 -10.000  -0.3624   0.13312   0.12261   0.0019  1.0001  0.4444  -1.2808   0.0000   0.0000   0.0000   0.2444
  -9.000  -0.3269   0.11906   0.10869   0.0037  1.0001  0.5322  -1.2450   0.0000   0.0000   0.0000   0.2505
  -8.000  -0.2782   0.10368   0.09336   0.0061  1.0001  0.6531  -1.2213   0.0000   0.0000   0.0000   0.2601
  -7.000  -0.0593   0.06995   0.05897  -0.0231  1.0001  0.9999  -0.9630   0.0000   0.0000   0.0000  -0.1875
  -6.000  -0.0208   0.06019   0.04919  -0.0271  1.0001  0.9999  -0.8924   0.0000   0.0000   0.0000  -1.1655
  -5.000  -0.3720   0.07475   0.06573  -0.0003  1.0001  0.4249  -1.5902   0.0000   0.0000   0.0000   0.2442
  -4.000  -0.3556   0.05767   0.04841  -0.0187  1.0001  0.3844  -1.7158   0.0000   0.0000   0.0000   0.1934
  -3.000  -0.2717   0.04491   0.03501  -0.0265  1.0001  0.4393  -1.5045   0.0000   0.0000   0.0000   0.1480
  -2.000  -0.1655   0.03666   0.02601  -0.0317  1.0001  0.5408  -1.1964   0.0000   0.0000   0.0000   0.0535
  -1.000  -0.0791   0.03201   0.02140  -0.0271  1.0001  0.7020  -0.9114   0.0000   0.0000   0.0000  -0.0990
   0.000   0.0608   0.02867   0.01719  -0.0435  1.0001  0.9999  -0.7017   0.0000   0.0000   0.0000   0.9664
   1.000   0.1523   0.03226   0.01956  -0.0490  1.0001  0.9999  -0.6025   0.0000   0.0000   0.0000   0.5688
   2.000   0.2205   0.03791   0.02477  -0.0534  1.0001  0.9999  -0.6701   0.0000   0.0000   0.0000   0.4882
   3.000   0.4063   0.04865   0.03535  -0.0800  0.8971  0.9999  -0.8306   0.0000   0.0000   0.0000   0.4426
   4.000   0.5668   0.05686   0.04364  -0.0927  0.7645  0.9999  -0.9980   0.0000   0.0000   0.0000   0.4089
   5.000   0.6573   0.06584   0.05275  -0.0947  0.6772  0.9999  -1.1094   0.0000   0.0000   0.0000   0.3887
   6.000   0.7038   0.07766   0.06467  -0.0949  0.6218  0.9999  -1.1631   0.0000   0.0000   0.0000   0.3788
   7.000   0.7303   0.09213   0.07925  -0.0968  0.5948  0.9999  -1.1795   0.0000   0.0000   0.0000   0.3756
   9.000   0.4447   0.11346   0.10206  -0.0723  0.7702  0.9999  -0.6580   0.0000   0.0000   0.0000   0.4057
  10.000   0.4698   0.12215   0.11090  -0.0718  0.7143  0.9999  -0.6747   0.0000   0.0000   0.0000   0.3952
  11.000   0.5035   0.13186   0.12085  -0.0725  0.6548  0.9999  -0.7233   0.0000   0.0000   0.0000   0.3857
  12.000   0.5503   0.14540   0.13459  -0.0748  0.5971  0.9999  -0.7760   0.0000   0.0000   0.0000   0.3768
  13.000   0.5640   0.15218   0.14156  -0.0747  0.5515  0.9999  -0.7930   0.0000   0.0000   0.0000   0.3726
  14.000   0.5917   0.16259   0.15225  -0.0760  0.4996  0.9999  -0.8215   0.0000   0.0000   0.0000   0.3677
  15.000   0.6210   0.17481   0.16472  -0.0782  0.4605  0.9999  -0.9101   0.0000   0.0000   0.0000   0.3643
  16.000   0.6384   0.18416   0.17427  -0.0800  0.4177  0.9999  -1.0073   0.0000   0.0000   0.0000   0.3627
  17.000   0.6613   0.19635   0.18678  -0.0828  0.3860  0.9999  -1.0974   0.0000   0.0000   0.0000   0.3614
  18.000   0.6785   0.20705   0.19772  -0.0856  0.3491  0.9999  -1.1471   0.0000   0.0000   0.0000   0.3611
  19.000   0.7051   0.22292   0.21384  -0.0887  0.3190  0.9999  -1.1825   0.0000   0.0000   0.0000   0.3597
  20.000   0.7235   0.23634   0.22756  -0.0919  0.2852  0.9999  -1.1578   0.0000   0.0000   0.0000   0.3596
  21.000   0.7278   0.24495   0.23629  -0.0961  0.2630  0.9999  -1.0994   0.0000   0.0000   0.0000   0.3633
  22.000   0.7456   0.25894   0.25044  -0.0998  0.2359  0.9999  -1.0846   0.0000   0.0000   0.0000   0.3636
  23.000   0.7657   0.27571   0.26736  -0.1036  0.2164  0.9999  -1.0714   0.0000   0.0000   0.0000   0.3635


