xflr5 v6.61

 Calculated polar for: TJ1_13_00

 1 1 Reynolds number fixed          Mach number fixed         

 xtrf =   1.000 (top)        1.000 (bottom)
 Mach =   0.200     Re =     0.500 e 6     Ncrit =   9.000

  alpha     CL        CD       CDp       Cm    Top Xtr Bot Xtr   Cpmin    Chinge    XCp    
 ------- -------- --------- --------- -------- ------- ------- -------- --------- ---------
 -27.000  -0.9225   0.33102   0.32844   0.1103  1.0001  0.0112  -2.1190   0.0000   0.0000   0.0000   0.3360
 -26.000  -0.8879   0.32046   0.31786   0.1015  1.0001  0.0119  -1.9114   0.0000   0.0000   0.0000   0.3332
 -25.000  -0.8522   0.30966   0.30706   0.0920  1.0001  0.0130  -1.7632   0.0000   0.0000   0.0000   0.3289
 -24.000  -0.8157   0.29757   0.29497   0.0822  1.0001  0.0149  -1.6799   0.0000   0.0000   0.0000   0.3234
 -23.000  -0.7785   0.28544   0.28281   0.0703  1.0001  0.0170  -1.8466   0.0000   0.0000   0.0000   0.3141
 -22.000  -0.7423   0.27280   0.27016   0.0603  1.0001  0.0172  -1.8716   0.0000   0.0000   0.0000   0.3065
 -21.000  -0.4172   0.20094   0.19866   0.0090  1.0001  0.0185  -1.1246   0.0000   0.0000   0.0000   0.2576
 -20.000  -0.3911   0.19149   0.18919   0.0040  1.0001  0.0196  -1.0138   0.0000   0.0000   0.0000   0.2469
 -19.000  -0.3663   0.18183   0.17952  -0.0013  1.0001  0.0213  -0.9600   0.0000   0.0000   0.0000   0.2337
 -18.000  -0.3440   0.17172   0.16941  -0.0070  1.0001  0.0252  -1.0263   0.0000   0.0000   0.0000   0.2165
 -17.000  -0.3258   0.16233   0.16003  -0.0133  1.0001  0.0264  -1.1528   0.0000   0.0000   0.0000   0.1957
 -16.000  -0.3071   0.15132   0.14902  -0.0186  1.0001  0.0266  -1.2791   0.0000   0.0000   0.0000   0.1757
 -15.000  -0.5351   0.16126   0.15868   0.0012  1.0001  0.0180  -2.8316   0.0000   0.0000   0.0000   0.2330
 -14.000  -0.5195   0.14483   0.14227  -0.0064  1.0001  0.0198  -2.9783   0.0000   0.0000   0.0000   0.2193
 -13.000  -0.8377   0.06622   0.06309  -0.0502  1.0001  0.0197  -7.1017   0.0000   0.0000   0.0000   0.1719
 -12.000  -0.9306   0.03289   0.02907  -0.0828  1.0001  0.0194  -7.9009   0.0000   0.0000   0.0000   0.1455
 -11.000  -0.9373   0.02561   0.02129  -0.0760  1.0001  0.0213  -7.5297   0.0000   0.0000   0.0000   0.1552
 -10.000  -0.8323   0.02075   0.01584  -0.0792  0.9943  0.0254  -6.5214   0.0000   0.0000   0.0000   0.1421
  -9.000  -0.7001   0.01657   0.01122  -0.0851  0.9854  0.0359  -5.4463   0.0000   0.0000   0.0000   0.1162
  -8.000  -0.5533   0.01464   0.00908  -0.0915  0.9777  0.0534  -4.3127   0.0000   0.0000   0.0000   0.0723
  -7.000  -0.4111   0.01299   0.00728  -0.0965  0.9669  0.0704  -3.3606   0.0000   0.0000   0.0000   0.0021
  -6.000  -0.2797   0.01163   0.00586  -0.0989  0.9512  0.0942  -2.5845   0.0000   0.0000   0.0000  -0.1184
  -5.000  -0.1655   0.01078   0.00499  -0.0969  0.9285  0.1219  -1.9865   0.0000   0.0000   0.0000  -0.3551
  -4.000  -0.0556   0.00984   0.00406  -0.0941  0.8999  0.1515  -1.5167   0.0000   0.0000   0.0000  -1.4832
  -3.000   0.0575   0.00909   0.00329  -0.0920  0.8620  0.1848  -1.1832   0.0000   0.0000   0.0000   1.8768
  -2.000   0.1732   0.00856   0.00269  -0.0906  0.8077  0.2246  -0.8814   0.0000   0.0000   0.0000   0.7771
  -1.000   0.2887   0.00835   0.00230  -0.0894  0.7212  0.2786  -0.7463   0.0000   0.0000   0.0000   0.5594
   0.000   0.4028   0.00844   0.00226  -0.0884  0.6096  0.3764  -0.8968   0.0000   0.0000   0.0000   0.4673
   1.000   0.5154   0.00869   0.00254  -0.0876  0.4929  0.5558  -1.0595   0.0000   0.0000   0.0000   0.4164
   2.000   0.6227   0.00892   0.00311  -0.0854  0.3953  0.8087  -1.2338   0.0000   0.0000   0.0000   0.3824
   3.000   0.7260   0.00948   0.00354  -0.0819  0.3234  0.9999  -1.4221   0.0000   0.0000   0.0000   0.3570
   4.000   0.8397   0.01048   0.00421  -0.0813  0.2755  0.9999  -1.6384   0.0000   0.0000   0.0000   0.3400
   5.000   0.9518   0.01152   0.00506  -0.0804  0.2431  0.9999  -1.8802   0.0000   0.0000   0.0000   0.3265
   6.000   1.0608   0.01274   0.00611  -0.0790  0.2165  0.9999  -2.1389   0.0000   0.0000   0.0000   0.3153
   7.000   1.1687   0.01392   0.00727  -0.0773  0.1959  0.9999  -2.4252   0.0000   0.0000   0.0000   0.3057
   8.000   1.2726   0.01529   0.00867  -0.0750  0.1780  0.9999  -2.7154   0.0000   0.0000   0.0000   0.2971
   9.000   1.3709   0.01689   0.01035  -0.0719  0.1619  0.9999  -3.0711   0.0000   0.0000   0.0000   0.2892
  10.000   1.4657   0.01836   0.01188  -0.0684  0.1415  0.9999  -3.5207   0.0000   0.0000   0.0000   0.2818
  11.000   1.5453   0.02032   0.01394  -0.0626  0.1252  0.9999  -4.1728   0.0000   0.0000   0.0000   0.2740
  12.000   1.6131   0.02299   0.01681  -0.0561  0.1114  0.9999  -4.8285   0.0000   0.0000   0.0000   0.2664
  13.000   1.6681   0.02672   0.02071  -0.0494  0.0974  0.9999  -5.4648   0.0000   0.0000   0.0000   0.2594
  14.000   1.7121   0.03175   0.02597  -0.0436  0.0834  0.9999  -6.0762   0.0000   0.0000   0.0000   0.2532
  15.000   1.7388   0.03908   0.03366  -0.0393  0.0710  0.9999  -6.6158   0.0000   0.0000   0.0000   0.2482
  16.000   1.7359   0.05082   0.04577  -0.0381  0.0594  0.9999  -7.0005   0.0000   0.0000   0.0000   0.2452
  17.000   1.6869   0.07047   0.06585  -0.0426  0.0493  0.9999  -7.1120   0.0000   0.0000   0.0000   0.2461
  18.000   1.6034   0.09684   0.09274  -0.0521  0.0436  0.9999  -6.9749   0.0000   0.0000   0.0000   0.2509
  19.000   1.5009   0.12790   0.12424  -0.0660  0.0393  0.9999  -6.6368   0.0000   0.0000   0.0000   0.2603
  20.000   1.4315   0.15561   0.15232  -0.0809  0.0336  0.9999  -6.3888   0.0000   0.0000   0.0000   0.2708
  21.000   1.3665   0.18510   0.18202  -0.0995  0.0254  0.9999  -6.0406   0.0000   0.0000   0.0000   0.2853
  22.000   1.3432   0.20787   0.20497  -0.1150  0.0202  0.9999  -5.9457   0.0000   0.0000   0.0000   0.2961
  23.000   1.3347   0.22813   0.22533  -0.1297  0.0167  0.9999  -5.8956   0.0000   0.0000   0.0000   0.3054
  24.000   1.3305   0.24845   0.24593  -0.1450  0.0156  0.9999  -5.7978   0.0000   0.0000   0.0000   0.3150
  25.000   1.2466   0.30884   0.30668  -0.1841  0.0156  0.9999  -3.2826   0.0000   0.0000   0.0000   0.3562
  26.000   1.2625   0.33910   0.33696  -0.1995  0.0247  0.9999  -2.4347   0.0000   0.0000   0.0000   0.3656
  27.000   1.2922   0.35320   0.35108  -0.2131  0.0199  0.9999  -2.4167   0.0000   0.0000   0.0000   0.3700
  28.000   1.3224   0.36132   0.35924  -0.2220  0.0175  0.9999  -2.6883   0.0000   0.0000   0.0000   0.3695


