xflr5 v6.61

 Calculated polar for: TJ1_7_00

 1 1 Reynolds number fixed          Mach number fixed         

 xtrf =   1.000 (top)        1.000 (bottom)
 Mach =   0.200     Re =     0.070 e 6     Ncrit =   9.000

  alpha     CL        CD       CDp       Cm    Top Xtr Bot Xtr   Cpmin    Chinge    XCp    
 ------- -------- --------- --------- -------- ------- ------- -------- --------- ---------
 -24.000  -0.9050   0.31422   0.30784   0.0979  1.0001  0.0281  -1.7020   0.0000   0.0000   0.0000   0.3433
 -23.000  -0.8701   0.30004   0.29356   0.0895  1.0001  0.0305  -1.6103   0.0000   0.0000   0.0000   0.3393
 -22.000  -0.8343   0.28747   0.28095   0.0803  1.0001  0.0334  -1.5531   0.0000   0.0000   0.0000   0.3340
 -21.000  -0.7976   0.27614   0.26961   0.0705  1.0001  0.0378  -1.5240   0.0000   0.0000   0.0000   0.3273
 -20.000  -0.7678   0.27568   0.26919   0.0580  1.0001  0.0395  -1.6140   0.0000   0.0000   0.0000   0.3158
 -19.000  -0.7278   0.25219   0.24565   0.0517  1.0001  0.0411  -1.5763   0.0000   0.0000   0.0000   0.3121
 -18.000  -0.6895   0.23579   0.22923   0.0458  1.0001  0.0453  -1.4749   0.0000   0.0000   0.0000   0.3082
 -17.000  -0.6539   0.22288   0.21632   0.0381  1.0001  0.0505  -1.4495   0.0000   0.0000   0.0000   0.3009
 -16.000  -0.6274   0.21667   0.21017   0.0277  1.0001  0.0546  -1.5298   0.0000   0.0000   0.0000   0.2877
 -15.000  -0.5921   0.19848   0.19198   0.0219  1.0001  0.0569  -1.4661   0.0000   0.0000   0.0000   0.2810
 -14.000  -0.5557   0.18300   0.17651   0.0176  1.0001  0.0660  -1.3157   0.0000   0.0000   0.0000   0.2762
 -13.000  -0.5503   0.17949   0.17313   0.0071  1.0001  0.0714  -1.5161   0.0000   0.0000   0.0000   0.2582
 -12.000  -0.5006   0.15606   0.14971   0.0063  1.0001  0.0790  -1.3853   0.0000   0.0000   0.0000   0.2580
 -11.000  -0.4937   0.14842   0.14221  -0.0026  1.0001  0.0878  -1.5334   0.0000   0.0000   0.0000   0.2407
 -10.000  -0.4531   0.12956   0.12336  -0.0037  1.0001  0.0967  -1.4199   0.0000   0.0000   0.0000   0.2380
  -9.000  -0.4662   0.12467   0.11875  -0.0167  1.0001  0.1055  -1.6504   0.0000   0.0000   0.0000   0.2112
  -8.000  -0.4284   0.10738   0.10157  -0.0171  1.0001  0.1218  -1.4983   0.0000   0.0000   0.0000   0.2073
  -7.000  -0.4072   0.09392   0.08834  -0.0194  1.0001  0.1381  -1.4213   0.0000   0.0000   0.0000   0.2000
  -6.000  -0.3928   0.08175   0.07641  -0.0299  1.0001  0.1579  -1.4457   0.0000   0.0000   0.0000   0.1721
  -5.000  -0.3586   0.06886   0.06360  -0.0339  1.0001  0.1925  -1.4216   0.0000   0.0000   0.0000   0.1540
  -4.000  -0.3161   0.05653   0.05142  -0.0296  1.0001  0.2490  -1.3418   0.0000   0.0000   0.0000   0.1550
  -3.000  -0.1148   0.02683   0.01826  -0.0676  1.0001  0.0840  -2.0757   0.0000   0.0000   0.0000  -0.3432
  -2.000   0.0133   0.01943   0.00983  -0.0694  1.0001  0.1364  -1.8682   0.0000   0.0000   0.0000   5.5150
  -1.000   0.1128   0.01443   0.00747  -0.0649  1.0001  0.9999  -1.2806   0.0000   0.0000   0.0000   0.8268
   0.000   0.2203   0.01561   0.00743  -0.0660  1.0001  0.9999  -0.6358   0.0000   0.0000   0.0000   0.5489
   1.000   0.3174   0.01759   0.00896  -0.0669  1.0001  0.9999  -0.5610   0.0000   0.0000   0.0000   0.4591
   2.000   0.5231   0.01960   0.01097  -0.0869  0.9337  0.9999  -0.7895   0.0000   0.0000   0.0000   0.4139
   4.000   0.8209   0.01684   0.00836  -0.0843  0.6342  0.9999  -1.3644   0.0000   0.0000   0.0000   0.3490
   5.000   0.9183   0.01994   0.01054  -0.0781  0.4448  0.9999  -1.9787   0.0000   0.0000   0.0000   0.3305
   6.000   1.0180   0.02407   0.01452  -0.0743  0.3324  0.9999  -2.7708   0.0000   0.0000   0.0000   0.3174
   7.000   1.1123   0.02884   0.01962  -0.0701  0.2398  0.9999  -3.6124   0.0000   0.0000   0.0000   0.3063
   8.000   1.1772   0.03265   0.02354  -0.0626  0.1165  0.9999  -4.3725   0.0000   0.0000   0.0000   0.2951
   9.000   1.2365   0.04516   0.03663  -0.0552  0.0660  0.9999  -4.6254   0.0000   0.0000   0.0000   0.2854
  10.000   1.2303   0.06260   0.05618  -0.0462  0.0627  0.9999  -4.5697   0.0000   0.0000   0.0000   0.2774
  11.000   1.1453   0.08294   0.07748  -0.0448  0.0640  0.9999  -4.2486   0.0000   0.0000   0.0000   0.2780
  12.000   1.0122   0.13288   0.12757  -0.0796  0.0760  0.9999  -2.9831   0.0000   0.0000   0.0000   0.3176
  13.000   1.0003   0.15951   0.15412  -0.0902  0.0834  0.9999  -2.6172   0.0000   0.0000   0.0000   0.3284
  14.000   0.7198   0.16154   0.15635  -0.0754  0.1603  0.9999  -1.4528   0.0000   0.0000   0.0000   0.3449
  15.000   0.7247   0.17435   0.16918  -0.0793  0.1435  0.9999  -1.3507   0.0000   0.0000   0.0000   0.3488
  16.000   0.7419   0.18888   0.18375  -0.0824  0.1296  0.9999  -1.3466   0.0000   0.0000   0.0000   0.3494
  17.000   0.7604   0.20307   0.19807  -0.0856  0.1153  0.9999  -1.3865   0.0000   0.0000   0.0000   0.3498
  18.000   0.7535   0.21264   0.20763  -0.0927  0.1065  0.9999  -1.2394   0.0000   0.0000   0.0000   0.3593
  19.000   0.7721   0.22775   0.22280  -0.0962  0.0965  0.9999  -1.2865   0.0000   0.0000   0.0000   0.3595
  20.000   0.7832   0.23983   0.23495  -0.1011  0.0846  0.9999  -1.2975   0.0000   0.0000   0.0000   0.3627
  21.000   0.7942   0.25436   0.24952  -0.1061  0.0799  0.9999  -1.2648   0.0000   0.0000   0.0000   0.3659
  22.000   0.8058   0.26747   0.26275  -0.1111  0.0698  0.9999  -1.2358   0.0000   0.0000   0.0000   0.3686
  23.000   0.8196   0.28370   0.27903  -0.1155  0.0649  0.9999  -1.2131   0.0000   0.0000   0.0000   0.3701
  24.000   0.8279   0.29648   0.29189  -0.1212  0.0570  0.9999  -1.2005   0.0000   0.0000   0.0000   0.3740
  25.000   0.8573   0.32343   0.31894  -0.1228  0.0511  0.9999  -1.4009   0.0000   0.0000   0.0000   0.3689
  26.000   0.8498   0.32764   0.32323  -0.1306  0.0491  0.9999  -1.2130   0.0000   0.0000   0.0000   0.3776
  27.000   0.8585   0.34216   0.33785  -0.1359  0.0424  0.9999  -1.1734   0.0000   0.0000   0.0000   0.3802
  28.000   0.8721   0.36058   0.35638  -0.1392  0.0379  0.9999  -1.2373   0.0000   0.0000   0.0000   0.3793
  29.000   0.8791   0.37830   0.37415  -0.1442  0.0367  0.9999  -1.1599   0.0000   0.0000   0.0000   0.3815
  30.000   0.8815   0.38972   0.38570  -0.1504  0.0340  0.9999  -1.0235   0.0000   0.0000   0.0000   0.3859


