xflr5 v6.61

 Calculated polar for: TJ1_10_00

 1 1 Reynolds number fixed          Mach number fixed         

 xtrf =   1.000 (top)        1.000 (bottom)
 Mach =   0.200     Re =     0.060 e 6     Ncrit =   9.000

  alpha     CL        CD       CDp       Cm    Top Xtr Bot Xtr   Cpmin    Chinge    XCp    
 ------- -------- --------- --------- -------- ------- ------- -------- --------- ---------
 -21.000  -0.7440   0.26887   0.26158   0.0592  1.0001  0.0611  -1.4727   0.0000   0.0000   0.0000   0.3132
 -20.000  -0.7070   0.25691   0.24961   0.0504  1.0001  0.0677  -1.4156   0.0000   0.0000   0.0000   0.3062
 -19.000  -0.6827   0.25615   0.24885   0.0381  1.0001  0.0713  -1.5490   0.0000   0.0000   0.0000   0.2920
 -18.000  -0.6357   0.23160   0.22430   0.0335  1.0001  0.0748  -1.4414   0.0000   0.0000   0.0000   0.2896
 -17.000  -0.5975   0.21808   0.21080   0.0270  1.0001  0.0823  -1.3767   0.0000   0.0000   0.0000   0.2829
 -16.000  -0.5819   0.21511   0.20791   0.0160  1.0001  0.0881  -1.4805   0.0000   0.0000   0.0000   0.2664
 -15.000  -0.5307   0.19207   0.18484   0.0131  1.0001  0.0941  -1.3117   0.0000   0.0000   0.0000   0.2640
 -14.000  -0.5092   0.18293   0.17578   0.0052  1.0001  0.1044  -1.3383   0.0000   0.0000   0.0000   0.2504
 -13.000  -0.4698   0.16598   0.15890   0.0019  1.0001  0.1147  -1.3043   0.0000   0.0000   0.0000   0.2444
 -12.000  -0.4485   0.15338   0.14642  -0.0039  1.0001  0.1264  -1.3725   0.0000   0.0000   0.0000   0.2325
 -11.000  -0.4540   0.14667   0.13989  -0.0121  1.0001  0.1396  -1.5307   0.0000   0.0000   0.0000   0.2155
 -10.000  -0.4182   0.13002   0.12330  -0.0144  1.0001  0.1562  -1.5158   0.0000   0.0000   0.0000   0.2082
  -9.000  -0.4004   0.11670   0.11015  -0.0182  1.0001  0.1736  -1.5588   0.0000   0.0000   0.0000   0.1978
  -8.000  -0.3644   0.10155   0.09516  -0.0177  1.0001  0.2007  -1.5046   0.0000   0.0000   0.0000   0.1950
  -7.000  -0.3834   0.09246   0.08648  -0.0186  1.0001  0.2253  -1.5997   0.0000   0.0000   0.0000   0.1964
  -5.000  -0.3643   0.04356   0.03664  -0.0551  1.0001  0.1188  -2.5004   0.0000   0.0000   0.0000   0.0940
  -4.000  -0.2639   0.03136   0.02304  -0.0606  1.0001  0.1638  -2.2768   0.0000   0.0000   0.0000   0.0149
  -3.000  -0.1497   0.02533   0.01603  -0.0626  1.0001  0.2453  -1.8543   0.0000   0.0000   0.0000  -0.1755
  -2.000  -0.0418   0.02271   0.01345  -0.0628  1.0001  0.3549  -1.2991   0.0000   0.0000   0.0000  -1.2688
  -1.000   0.0633   0.02141   0.01265  -0.0628  1.0001  0.5238  -0.8421   0.0000   0.0000   0.0000   1.2460
   0.000   0.1321   0.02075   0.01306  -0.0568  1.0001  0.9999  -0.6164   0.0000   0.0000   0.0000   0.6796
   1.000   0.3740   0.02336   0.01480  -0.0828  0.9157  0.9999  -0.7393   0.0000   0.0000   0.0000   0.4692
   2.000   0.5732   0.02198   0.01331  -0.0924  0.8215  0.9999  -0.9800   0.0000   0.0000   0.0000   0.4082
   3.000   0.7081   0.01991   0.01097  -0.0870  0.6971  0.9999  -1.2007   0.0000   0.0000   0.0000   0.3690
   4.000   0.8167   0.02119   0.01144  -0.0809  0.5529  0.9999  -1.4076   0.0000   0.0000   0.0000   0.3443
   5.000   0.9208   0.02435   0.01410  -0.0773  0.4518  0.9999  -1.6351   0.0000   0.0000   0.0000   0.3282
   6.000   1.0228   0.02849   0.01822  -0.0745  0.3830  0.9999  -1.9049   0.0000   0.0000   0.0000   0.3161
   7.000   1.1181   0.03375   0.02381  -0.0715  0.3307  0.9999  -2.2246   0.0000   0.0000   0.0000   0.3061
   8.000   1.2043   0.04016   0.03083  -0.0676  0.2875  0.9999  -2.7939   0.0000   0.0000   0.0000   0.2972
   9.000   1.2753   0.04832   0.03965  -0.0628  0.2502  0.9999  -3.3690   0.0000   0.0000   0.0000   0.2890
  10.000   1.2461   0.06439   0.05720  -0.0547  0.2253  0.9999  -3.4683   0.0000   0.0000   0.0000   0.2827
  11.000   1.1184   0.09250   0.08575  -0.0568  0.2165  0.9999  -3.0580   0.0000   0.0000   0.0000   0.2886
  15.000   0.9595   0.20210   0.19548  -0.1133  0.2304  0.9999  -1.9872   0.0000   0.0000   0.0000   0.3528
  16.000   1.0043   0.22184   0.21546  -0.1159  0.1984  0.9999  -2.0851   0.0000   0.0000   0.0000   0.3487
  17.000   1.0291   0.23722   0.23089  -0.1218  0.1643  0.9999  -2.0405   0.0000   0.0000   0.0000   0.3501
  18.000   1.0548   0.25364   0.24738  -0.1299  0.1474  0.9999  -1.9888   0.0000   0.0000   0.0000   0.3533
  19.000   1.0909   0.27281   0.26660  -0.1364  0.1309  0.9999  -2.0090   0.0000   0.0000   0.0000   0.3535
  20.000   1.1018   0.27671   0.27046  -0.1513  0.1183  0.9999  -1.8507   0.0000   0.0000   0.0000   0.3639
  21.000   1.1340   0.29245   0.28621  -0.1605  0.1119  0.9999  -1.8810   0.0000   0.0000   0.0000   0.3662
  22.000   1.1686   0.30637   0.30022  -0.1692  0.1004  0.9999  -1.9403   0.0000   0.0000   0.0000   0.3673
  23.000   1.1979   0.31930   0.31324  -0.1808  0.0937  0.9999  -1.9590   0.0000   0.0000   0.0000   0.3713
  24.000   1.2345   0.33542   0.32947  -0.1879  0.0834  0.9999  -2.1025   0.0000   0.0000   0.0000   0.3703
  25.000   1.2635   0.34817   0.34223  -0.1998  0.0801  0.9999  -2.0754   0.0000   0.0000   0.0000   0.3739
  26.000   1.2943   0.35868   0.35282  -0.2113  0.0707  0.9999  -2.1374   0.0000   0.0000   0.0000   0.3764
  27.000   1.3292   0.38524   0.37954  -0.2168  0.0658  0.9999  -2.3264   0.0000   0.0000   0.0000   0.3737
  28.000   1.3551   0.38270   0.37702  -0.2335  0.0604  0.9999  -2.2168   0.0000   0.0000   0.0000   0.3801
  29.000   1.3850   0.39499   0.38943  -0.2430  0.0535  0.9999  -2.3029   0.0000   0.0000   0.0000   0.3802
  30.000   1.4138   0.42007   0.41457  -0.2504  0.0507  0.9999  -2.3822   0.0000   0.0000   0.0000   0.3789


