xflr5 v6.61

 Calculated polar for: TJ1_8_00

 1 1 Reynolds number fixed          Mach number fixed         

 xtrf =   1.000 (top)        1.000 (bottom)
 Mach =   0.200     Re =     0.100 e 6     Ncrit =   9.000

  alpha     CL        CD       CDp       Cm    Top Xtr Bot Xtr   Cpmin    Chinge    XCp    
 ------- -------- --------- --------- -------- ------- ------- -------- --------- ---------
 -27.000  -0.9926   0.34641   0.34107   0.1267  1.0001  0.0189  -1.7983   0.0000   0.0000   0.0000   0.3558
 -26.000  -0.9598   0.33457   0.32918   0.1167  1.0001  0.0206  -1.6950   0.0000   0.0000   0.0000   0.3516
 -25.000  -0.9256   0.32262   0.31719   0.1067  1.0001  0.0224  -1.6571   0.0000   0.0000   0.0000   0.3469
 -24.000  -0.8900   0.31071   0.30521   0.0965  1.0001  0.0246  -1.6443   0.0000   0.0000   0.0000   0.3416
 -23.000  -0.8540   0.30382   0.29830   0.0845  1.0001  0.0262  -1.6917   0.0000   0.0000   0.0000   0.3336
 -22.000  -0.8245   0.30223   0.29673   0.0720  1.0001  0.0267  -1.7540   0.0000   0.0000   0.0000   0.3236
 -21.000  -0.7824   0.27251   0.26700   0.0678  1.0001  0.0288  -1.5857   0.0000   0.0000   0.0000   0.3238
 -20.000  -0.7457   0.25926   0.25373   0.0598  1.0001  0.0316  -1.5295   0.0000   0.0000   0.0000   0.3185
 -19.000  -0.7089   0.24643   0.24084   0.0514  1.0001  0.0350  -1.5053   0.0000   0.0000   0.0000   0.3118
 -18.000  -0.6731   0.23582   0.23024   0.0416  1.0001  0.0386  -1.5334   0.0000   0.0000   0.0000   0.3021
 -17.000  -0.6504   0.23211   0.22659   0.0302  1.0001  0.0396  -1.6360   0.0000   0.0000   0.0000   0.2878
 -16.000  -0.6054   0.20719   0.20169   0.0265  1.0001  0.0417  -1.4623   0.0000   0.0000   0.0000   0.2855
 -15.000  -0.5693   0.19296   0.18742   0.0214  1.0001  0.0476  -1.3835   0.0000   0.0000   0.0000   0.2800
 -14.000  -0.5449   0.18342   0.17794   0.0122  1.0001  0.0542  -1.5060   0.0000   0.0000   0.0000   0.2656
 -13.000  -0.5389   0.17717   0.17179   0.0016  1.0001  0.0552  -1.7167   0.0000   0.0000   0.0000   0.2469
 -12.000  -0.4830   0.15230   0.14692   0.0032  1.0001  0.0617  -1.4370   0.0000   0.0000   0.0000   0.2506
 -11.000  -0.4629   0.14046   0.13515  -0.0038  1.0001  0.0697  -1.4667   0.0000   0.0000   0.0000   0.2364
 -10.000  -0.4547   0.12785   0.12267  -0.0126  1.0001  0.0727  -1.5828   0.0000   0.0000   0.0000   0.2174
  -9.000  -0.4139   0.11244   0.10730  -0.0127  1.0001  0.0821  -1.3547   0.0000   0.0000   0.0000   0.2147
  -8.000  -0.4196   0.10127   0.09642  -0.0248  1.0001  0.0894  -1.5767   0.0000   0.0000   0.0000   0.1870
  -7.000  -0.3886   0.08784   0.08312  -0.0225  1.0001  0.1013  -1.4728   0.0000   0.0000   0.0000   0.1886
  -6.000  -0.3876   0.07568   0.07125  -0.0267  1.0001  0.1109  -1.5640   0.0000   0.0000   0.0000   0.1783
  -5.000  -0.3622   0.06206   0.05766  -0.0347  1.0001  0.1284  -1.6388   0.0000   0.0000   0.0000   0.1520
  -4.000  -0.2395   0.03109   0.02460  -0.0630  1.0001  0.0651  -2.4104   0.0000   0.0000   0.0000  -0.0169
  -3.000  -0.1079   0.02041   0.01195  -0.0678  1.0001  0.0802  -2.3062   0.0000   0.0000   0.0000  -0.3858
  -2.000   0.0173   0.01648   0.00827  -0.0703  1.0001  0.2490  -1.7171   0.0000   0.0000   0.0000   4.3540
  -1.000   0.1324   0.01456   0.00791  -0.0714  1.0001  0.6326  -1.0233   0.0000   0.0000   0.0000   0.7911
   0.000   0.2475   0.01503   0.00837  -0.0731  0.9847  0.9999  -0.5107   0.0000   0.0000   0.0000   0.5444
   1.000   0.4563   0.01549   0.00843  -0.0908  0.9258  0.9999  -0.7239   0.0000   0.0000   0.0000   0.4473
   2.000   0.6062   0.01433   0.00728  -0.0931  0.8499  0.9999  -0.9312   0.0000   0.0000   0.0000   0.4011
   3.000   0.7215   0.01326   0.00597  -0.0872  0.7199  0.9999  -1.1468   0.0000   0.0000   0.0000   0.3676
   4.000   0.8208   0.01484   0.00652  -0.0810  0.5184  0.9999  -1.3766   0.0000   0.0000   0.0000   0.3446
   5.000   0.9203   0.01769   0.00862  -0.0774  0.3849  0.9999  -1.7085   0.0000   0.0000   0.0000   0.3290
   6.000   1.0224   0.02081   0.01154  -0.0748  0.3039  0.9999  -2.4228   0.0000   0.0000   0.0000   0.3170
   7.000   1.1222   0.02431   0.01528  -0.0719  0.2401  0.9999  -3.2219   0.0000   0.0000   0.0000   0.3068
   8.000   1.2114   0.02751   0.01887  -0.0677  0.1763  0.9999  -4.0417   0.0000   0.0000   0.0000   0.2973
   9.000   1.2775   0.03048   0.02223  -0.0611  0.0997  0.9999  -4.8782   0.0000   0.0000   0.0000   0.2878
  10.000   1.3151   0.04004   0.03222  -0.0516  0.0525  0.9999  -5.2176   0.0000   0.0000   0.0000   0.2779
  11.000   1.3179   0.05366   0.04722  -0.0414  0.0472  0.9999  -5.3237   0.0000   0.0000   0.0000   0.2688
  12.000   1.2491   0.07217   0.06692  -0.0385  0.0468  0.9999  -5.1204   0.0000   0.0000   0.0000   0.2669
  13.000   1.1372   0.10735   0.10286  -0.0603  0.0490  0.9999  -4.4715   0.0000   0.0000   0.0000   0.2879
  14.000   1.0093   0.16661   0.16195  -0.0956  0.0586  0.9999  -2.7886   0.0000   0.0000   0.0000   0.3306
  16.000   0.7331   0.18024   0.17592  -0.0790  0.1009  0.9999  -1.4307   0.0000   0.0000   0.0000   0.3453
  17.000   0.7487   0.19642   0.19213  -0.0829  0.0971  0.9999  -1.3704   0.0000   0.0000   0.0000   0.3472
  18.000   0.7470   0.20694   0.20267  -0.0895  0.0861  0.9999  -1.2735   0.0000   0.0000   0.0000   0.3554
  19.000   0.7640   0.22226   0.21804  -0.0933  0.0807  0.9999  -1.2955   0.0000   0.0000   0.0000   0.3564
  20.000   0.7722   0.23366   0.22949  -0.0989  0.0693  0.9999  -1.2618   0.0000   0.0000   0.0000   0.3610
  21.000   0.7932   0.25173   0.24766  -0.1021  0.0656  0.9999  -1.3546   0.0000   0.0000   0.0000   0.3602
  22.000   0.7934   0.26173   0.25770  -0.1095  0.0582  0.9999  -1.2279   0.0000   0.0000   0.0000   0.3682
  23.000   0.8265   0.28508   0.28114  -0.1106  0.0511  0.9999  -1.4215   0.0000   0.0000   0.0000   0.3621
  24.000   0.8178   0.29118   0.28726  -0.1190  0.0487  0.9999  -1.2049   0.0000   0.0000   0.0000   0.3724
  25.000   0.8283   0.30551   0.30166  -0.1242  0.0422  0.9999  -1.2178   0.0000   0.0000   0.0000   0.3751
  26.000   0.8548   0.33039   0.32667  -0.1258  0.0371  0.9999  -1.4331   0.0000   0.0000   0.0000   0.3702
  27.000   0.8498   0.33769   0.33401  -0.1332  0.0361  0.9999  -1.2447   0.0000   0.0000   0.0000   0.3780
  28.000   0.8566   0.35178   0.34817  -0.1390  0.0316  0.9999  -1.1483   0.0000   0.0000   0.0000   0.3815
  29.000   0.8652   0.36705   0.36353  -0.1436  0.0276  0.9999  -1.1310   0.0000   0.0000   0.0000   0.3829
  30.000   0.8802   0.39067   0.38726  -0.1463  0.0250  0.9999  -1.2182   0.0000   0.0000   0.0000   0.3807


