xflr5 v6.61

 Calculated polar for: TJ1_10_00

 1 1 Reynolds number fixed          Mach number fixed         

 xtrf =   1.000 (top)        1.000 (bottom)
 Mach =   0.200     Re =     0.070 e 6     Ncrit =   9.000

  alpha     CL        CD       CDp       Cm    Top Xtr Bot Xtr   Cpmin    Chinge    XCp    
 ------- -------- --------- --------- -------- ------- ------- -------- --------- ---------
 -24.000  -0.8547   0.30599   0.29932   0.0868  1.0001  0.0427  -1.6273   0.0000   0.0000   0.0000   0.3310
 -23.000  -0.8181   0.29326   0.28650   0.0781  1.0001  0.0462  -1.5624   0.0000   0.0000   0.0000   0.3264
 -22.000  -0.7813   0.28123   0.27445   0.0687  1.0001  0.0506  -1.5244   0.0000   0.0000   0.0000   0.3203
 -21.000  -0.7485   0.27615   0.26939   0.0567  1.0001  0.0545  -1.5708   0.0000   0.0000   0.0000   0.3096
 -20.000  -0.7127   0.26015   0.25343   0.0482  1.0001  0.0564  -1.5314   0.0000   0.0000   0.0000   0.3026
 -19.000  -0.6708   0.24302   0.23623   0.0428  1.0001  0.0614  -1.4282   0.0000   0.0000   0.0000   0.2996
 -18.000  -0.6342   0.23072   0.22393   0.0346  1.0001  0.0678  -1.4199   0.0000   0.0000   0.0000   0.2914
 -17.000  -0.6161   0.22888   0.22217   0.0226  1.0001  0.0714  -1.5547   0.0000   0.0000   0.0000   0.2749
 -16.000  -0.5657   0.20452   0.19782   0.0193  1.0001  0.0752  -1.3939   0.0000   0.0000   0.0000   0.2727
 -15.000  -0.5303   0.19139   0.18467   0.0134  1.0001  0.0835  -1.3184   0.0000   0.0000   0.0000   0.2645
 -14.000  -0.5331   0.18943   0.18285   0.0018  1.0001  0.0883  -1.4841   0.0000   0.0000   0.0000   0.2439
 -13.000  -0.4702   0.16467   0.15809   0.0016  1.0001  0.0969  -1.3141   0.0000   0.0000   0.0000   0.2439
 -12.000  -0.4849   0.16085   0.15446  -0.0100  1.0001  0.1055  -1.5650   0.0000   0.0000   0.0000   0.2210
 -11.000  -0.4464   0.14353   0.13722  -0.0122  1.0001  0.1221  -1.5217   0.0000   0.0000   0.0000   0.2146
 -10.000  -0.4020   0.12564   0.11936  -0.0130  1.0001  0.1356  -1.4664   0.0000   0.0000   0.0000   0.2097
  -9.000  -0.3813   0.11209   0.10596  -0.0168  1.0001  0.1488  -1.5094   0.0000   0.0000   0.0000   0.1986
  -8.000  -0.3675   0.09968   0.09376  -0.0203  1.0001  0.1682  -1.5558   0.0000   0.0000   0.0000   0.1882
  -7.000  -0.4019   0.09152   0.08605  -0.0239  1.0001  0.1912  -1.7123   0.0000   0.0000   0.0000   0.1857
  -5.000  -0.3600   0.03821   0.03117  -0.0589  1.0001  0.1029  -2.6838   0.0000   0.0000   0.0000   0.0812
  -4.000  -0.2548   0.02784   0.01943  -0.0627  1.0001  0.1461  -2.3674   0.0000   0.0000   0.0000  -0.0019
  -3.000  -0.1422   0.02343   0.01432  -0.0638  1.0001  0.2278  -1.8808   0.0000   0.0000   0.0000  -0.2064
  -2.000  -0.0347   0.02138   0.01235  -0.0641  1.0001  0.3329  -1.3064   0.0000   0.0000   0.0000  -1.6147
  -1.000   0.0695   0.02045   0.01201  -0.0644  1.0001  0.4889  -0.8417   0.0000   0.0000   0.0000   1.1816
   0.000   0.2065   0.02004   0.01272  -0.0698  0.9713  0.9999  -0.5692   0.0000   0.0000   0.0000   0.5871
   1.000   0.4262   0.02075   0.01281  -0.0886  0.8923  0.9999  -0.7895   0.0000   0.0000   0.0000   0.4557
   2.000   0.5919   0.01882   0.01075  -0.0913  0.8046  0.9999  -1.0082   0.0000   0.0000   0.0000   0.4012
   3.000   0.7128   0.01760   0.00905  -0.0851  0.6713  0.9999  -1.2166   0.0000   0.0000   0.0000   0.3654
   4.000   0.8181   0.01935   0.00983  -0.0798  0.5250  0.9999  -1.4219   0.0000   0.0000   0.0000   0.3426
   5.000   0.9221   0.02237   0.01233  -0.0766  0.4269  0.9999  -1.6531   0.0000   0.0000   0.0000   0.3273
   6.000   1.0253   0.02608   0.01600  -0.0742  0.3607  0.9999  -1.9311   0.0000   0.0000   0.0000   0.3155
   7.000   1.1241   0.03064   0.02082  -0.0715  0.3106  0.9999  -2.2717   0.0000   0.0000   0.0000   0.3056
   8.000   1.2173   0.03608   0.02670  -0.0682  0.2693  0.9999  -2.9063   0.0000   0.0000   0.0000   0.2968
   9.000   1.2944   0.04299   0.03431  -0.0636  0.2322  0.9999  -3.5275   0.0000   0.0000   0.0000   0.2886
  10.000   1.3508   0.05113   0.04333  -0.0574  0.1984  0.9999  -4.0840   0.0000   0.0000   0.0000   0.2807
  11.000   1.3101   0.06616   0.05971  -0.0474  0.1787  0.9999  -4.1523   0.0000   0.0000   0.0000   0.2733
  16.000   0.9873   0.21510   0.20913  -0.1182  0.1785  0.9999  -2.0318   0.0000   0.0000   0.0000   0.3529
  17.000   1.0219   0.23245   0.22655  -0.1228  0.1467  0.9999  -2.0171   0.0000   0.0000   0.0000   0.3517
  18.000   1.0557   0.25109   0.24529  -0.1293  0.1305  0.9999  -2.0116   0.0000   0.0000   0.0000   0.3525
  20.000   0.7631   0.23458   0.22946  -0.0907  0.1142  0.9999  -1.2851   0.0000   0.0000   0.0000   0.3510
  21.000   0.7533   0.24123   0.23616  -0.0983  0.1036  0.9999  -1.1134   0.0000   0.0000   0.0000   0.3615
  22.000   0.7784   0.25934   0.25435  -0.1012  0.0975  0.9999  -1.1959   0.0000   0.0000   0.0000   0.3593
  23.000   0.7784   0.26854   0.26363  -0.1080  0.0881  0.9999  -1.0995   0.0000   0.0000   0.0000   0.3667
  24.000   0.8011   0.28706   0.28223  -0.1109  0.0814  0.9999  -1.2140   0.0000   0.0000   0.0000   0.3645
  25.000   0.8017   0.29681   0.29212  -0.1178  0.0738  0.9999  -1.1247   0.0000   0.0000   0.0000   0.3714
  26.000   0.8248   0.31575   0.31118  -0.1203  0.0667  0.9999  -1.2507   0.0000   0.0000   0.0000   0.3682
  27.000   0.8232   0.32660   0.32207  -0.1273  0.0633  0.9999  -1.1559   0.0000   0.0000   0.0000   0.3753
  28.000   0.8325   0.34099   0.33657  -0.1323  0.0555  0.9999  -1.1672   0.0000   0.0000   0.0000   0.3774
  29.000   0.8551   0.36616   0.36188  -0.1346  0.0511  0.9999  -1.3022   0.0000   0.0000   0.0000   0.3734
  30.000   0.8478   0.37210   0.36789  -0.1421  0.0482  0.9999  -1.1116   0.0000   0.0000   0.0000   0.3815


