xflr5 v6.61

 Calculated polar for: TJ1_9_00

 1 1 Reynolds number fixed          Mach number fixed         

 xtrf =   1.000 (top)        1.000 (bottom)
 Mach =   0.200     Re =     0.125 e 6     Ncrit =   9.000

  alpha     CL        CD       CDp       Cm    Top Xtr Bot Xtr   Cpmin    Chinge    XCp    
 ------- -------- --------- --------- -------- ------- ------- -------- --------- ---------
 -27.000  -0.9771   0.34606   0.34121   0.1220  1.0001  0.0178  -1.8729   0.0000   0.0000   0.0000   0.3509
 -26.000  -0.9445   0.33209   0.32720   0.1133  1.0001  0.0190  -1.7483   0.0000   0.0000   0.0000   0.3479
 -25.000  -0.9103   0.32017   0.31526   0.1035  1.0001  0.0206  -1.6741   0.0000   0.0000   0.0000   0.3434
 -24.000  -0.8749   0.30802   0.30307   0.0937  1.0001  0.0227  -1.6161   0.0000   0.0000   0.0000   0.3384
 -23.000  -0.8378   0.29658   0.29157   0.0832  1.0001  0.0255  -1.6073   0.0000   0.0000   0.0000   0.3320
 -22.000  -0.8064   0.29515   0.29015   0.0696  1.0001  0.0266  -1.7776   0.0000   0.0000   0.0000   0.3207
 -21.000  -0.7733   0.28167   0.27672   0.0598  1.0001  0.0269  -1.8335   0.0000   0.0000   0.0000   0.3129
 -20.000  -0.7295   0.25679   0.25178   0.0560  1.0001  0.0291  -1.5930   0.0000   0.0000   0.0000   0.3133
 -19.000  -0.6922   0.24381   0.23875   0.0483  1.0001  0.0317  -1.4897   0.0000   0.0000   0.0000   0.3074
 -18.000  -0.6554   0.23080   0.22576   0.0402  1.0001  0.0354  -1.4238   0.0000   0.0000   0.0000   0.2998
 -17.000  -0.6243   0.22237   0.21736   0.0292  1.0001  0.0391  -1.5471   0.0000   0.0000   0.0000   0.2862
 -16.000  -0.6082   0.21722   0.21227   0.0183  1.0001  0.0398  -1.7354   0.0000   0.0000   0.0000   0.2706
 -15.000  -0.5531   0.19010   0.18511   0.0178  1.0001  0.0441  -1.4764   0.0000   0.0000   0.0000   0.2730
 -14.000  -0.5206   0.17683   0.17186   0.0118  1.0001  0.0489  -1.4262   0.0000   0.0000   0.0000   0.2641
 -13.000  -0.5020   0.16687   0.16197   0.0024  1.0001  0.0544  -1.5229   0.0000   0.0000   0.0000   0.2468
 -12.000  -0.4924   0.15674   0.15192  -0.0077  1.0001  0.0552  -1.6547   0.0000   0.0000   0.0000   0.2271
 -11.000  -0.4428   0.13564   0.13086  -0.0059  1.0001  0.0604  -1.3726   0.0000   0.0000   0.0000   0.2296
 -10.000  -0.4216   0.12277   0.11804  -0.0119  1.0001  0.0686  -1.4265   0.0000   0.0000   0.0000   0.2151
  -9.000  -0.4233   0.10933   0.10480  -0.0240  1.0001  0.0725  -1.6999   0.0000   0.0000   0.0000   0.1874
  -6.000  -0.4080   0.05566   0.05127  -0.0504  1.0001  0.0557  -2.6336   0.0000   0.0000   0.0000   0.1221
  -5.000  -0.3466   0.03433   0.02874  -0.0603  1.0001  0.0526  -2.9309   0.0000   0.0000   0.0000   0.0714
  -4.000  -0.2291   0.02175   0.01417  -0.0660  1.0001  0.0637  -2.7912   0.0000   0.0000   0.0000  -0.0440
  -3.000  -0.1062   0.01712   0.00911  -0.0680  1.0001  0.1298  -2.2130   0.0000   0.0000   0.0000  -0.3996
  -2.000   0.0035   0.01617   0.00839  -0.0688  1.0001  0.2556  -1.5156   0.0000   0.0000   0.0000  20.3467
  -1.000   0.1806   0.01494   0.00830  -0.0823  0.9770  0.5283  -0.7442   0.0000   0.0000   0.0000   0.7069
   0.000   0.3484   0.01361   0.00770  -0.0898  0.9287  0.9999  -0.6345   0.0000   0.0000   0.0000   0.5068
   1.000   0.5005   0.01268   0.00647  -0.0936  0.8732  0.9999  -0.8191   0.0000   0.0000   0.0000   0.4350
   2.000   0.6147   0.01177   0.00533  -0.0891  0.7802  0.9999  -0.9995   0.0000   0.0000   0.0000   0.3921
   3.000   0.7210   0.01221   0.00498  -0.0839  0.6196  0.9999  -1.2020   0.0000   0.0000   0.0000   0.3627
   4.000   0.8205   0.01426   0.00602  -0.0798  0.4530  0.9999  -1.4209   0.0000   0.0000   0.0000   0.3427
   5.000   0.9225   0.01674   0.00788  -0.0772  0.3542  0.9999  -1.6786   0.0000   0.0000   0.0000   0.3281
   6.000   1.0263   0.01929   0.01033  -0.0750  0.2900  0.9999  -2.0732   0.0000   0.0000   0.0000   0.3164
   7.000   1.1288   0.02226   0.01341  -0.0726  0.2416  0.9999  -2.8166   0.0000   0.0000   0.0000   0.3065
   8.000   1.2258   0.02544   0.01678  -0.0696  0.1974  0.9999  -3.6112   0.0000   0.0000   0.0000   0.2977
   9.000   1.3088   0.02786   0.01963  -0.0647  0.1505  0.9999  -4.4132   0.0000   0.0000   0.0000   0.2889
  10.000   1.3737   0.03075   0.02316  -0.0581  0.1027  0.9999  -5.2052   0.0000   0.0000   0.0000   0.2802
  11.000   1.3894   0.03770   0.03051  -0.0470  0.0558  0.9999  -5.6383   0.0000   0.0000   0.0000   0.2702
  12.000   1.3766   0.04945   0.04296  -0.0380  0.0441  0.9999  -5.8155   0.0000   0.0000   0.0000   0.2624
  13.000   1.3450   0.06533   0.05962  -0.0366  0.0403  0.9999  -5.8952   0.0000   0.0000   0.0000   0.2603
  14.000   1.2748   0.09087   0.08607  -0.0472  0.0397  0.9999  -5.6317   0.0000   0.0000   0.0000   0.2685
  15.000   1.0603   0.16245   0.15835  -0.0920  0.0484  0.9999  -3.5032   0.0000   0.0000   0.0000   0.3192
  16.000   1.0365   0.19534   0.19111  -0.1085  0.0492  0.9999  -2.7930   0.0000   0.0000   0.0000   0.3368
  17.000   0.7648   0.19017   0.18628  -0.0760  0.0819  0.9999  -1.6704   0.0000   0.0000   0.0000   0.3346
  18.000   0.7599   0.20536   0.20149  -0.0833  0.0815  0.9999  -1.4589   0.0000   0.0000   0.0000   0.3441
  19.000   0.7463   0.21553   0.21168  -0.0922  0.0733  0.9999  -1.2130   0.0000   0.0000   0.0000   0.3573
  20.000   0.7858   0.23482   0.23109  -0.0926  0.0661  0.9999  -1.4423   0.0000   0.0000   0.0000   0.3498
  21.000   0.7703   0.24280   0.23907  -0.1021  0.0607  0.9999  -1.1864   0.0000   0.0000   0.0000   0.3636
  22.000   0.7872   0.25596   0.25231  -0.1059  0.0534  0.9999  -1.2801   0.0000   0.0000   0.0000   0.3640
  23.000   0.8102   0.27615   0.27255  -0.1088  0.0509  0.9999  -1.3860   0.0000   0.0000   0.0000   0.3620
  24.000   0.8062   0.28520   0.28164  -0.1170  0.0445  0.9999  -1.1936   0.0000   0.0000   0.0000   0.3715
  25.000   0.8205   0.29920   0.29576  -0.1210  0.0391  0.9999  -1.2722   0.0000   0.0000   0.0000   0.3719
  26.000   0.8393   0.32073   0.31734  -0.1241  0.0369  0.9999  -1.3845   0.0000   0.0000   0.0000   0.3703
  27.000   0.8373   0.33026   0.32692  -0.1318  0.0332  0.9999  -1.2051   0.0000   0.0000   0.0000   0.3782
  28.000   0.8466   0.34519   0.34192  -0.1366  0.0286  0.9999  -1.2012   0.0000   0.0000   0.0000   0.3800
  29.000   0.8604   0.36242   0.35924  -0.1398  0.0256  0.9999  -1.3130   0.0000   0.0000   0.0000   0.3785
  30.000   1.4313   0.40904   0.40524  -0.2626  0.0207  0.9999  -2.2167   0.0000   0.0000   0.0000   0.3864


