xflr5 v6.61

 Calculated polar for: TJ1_11_00

 1 1 Reynolds number fixed          Mach number fixed         

 xtrf =   1.000 (top)        1.000 (bottom)
 Mach =   0.200     Re =     0.070 e 6     Ncrit =   9.000

  alpha     CL        CD       CDp       Cm    Top Xtr Bot Xtr   Cpmin    Chinge    XCp    
 ------- -------- --------- --------- -------- ------- ------- -------- --------- ---------
 -26.000  -0.9080   0.32775   0.32104   0.1023  1.0001  0.0420  -1.6859   0.0000   0.0000   0.0000   0.3366
 -25.000  -0.8725   0.31498   0.30822   0.0934  1.0001  0.0452  -1.6140   0.0000   0.0000   0.0000   0.3328
 -24.000  -0.8364   0.30319   0.29635   0.0838  1.0001  0.0491  -1.5709   0.0000   0.0000   0.0000   0.3276
 -23.000  -0.8006   0.29371   0.28685   0.0729  1.0001  0.0537  -1.5693   0.0000   0.0000   0.0000   0.3200
 -22.000  -0.7789   0.30112   0.29432   0.0585  1.0001  0.0551  -1.6817   0.0000   0.0000   0.0000   0.3060
 -21.000  -0.7274   0.26671   0.25987   0.0552  1.0001  0.0584  -1.4958   0.0000   0.0000   0.0000   0.3075
 -20.000  -0.6887   0.25370   0.24685   0.0475  1.0001  0.0636  -1.4421   0.0000   0.0000   0.0000   0.3019
 -19.000  -0.6532   0.24306   0.23617   0.0381  1.0001  0.0697  -1.4498   0.0000   0.0000   0.0000   0.2923
 -18.000  -0.6387   0.24435   0.23755   0.0254  1.0001  0.0715  -1.5862   0.0000   0.0000   0.0000   0.2753
 -17.000  -0.5798   0.21542   0.20861   0.0234  1.0001  0.0764  -1.3567   0.0000   0.0000   0.0000   0.2760
 -16.000  -0.5448   0.20306   0.19629   0.0163  1.0001  0.0849  -1.3080   0.0000   0.0000   0.0000   0.2665
 -15.000  -0.5497   0.20326   0.19663   0.0040  1.0001  0.0885  -1.5518   0.0000   0.0000   0.0000   0.2453
 -14.000  -0.4810   0.17683   0.17014   0.0037  1.0001  0.1017  -1.3673   0.0000   0.0000   0.0000   0.2456
 -13.000  -0.4547   0.16322   0.15663  -0.0021  1.0001  0.1097  -1.4242   0.0000   0.0000   0.0000   0.2339
 -12.000  -0.4511   0.15507   0.14861  -0.0101  1.0001  0.1221  -1.5630   0.0000   0.0000   0.0000   0.2172
 -11.000  -0.4035   0.13660   0.13019  -0.0112  1.0001  0.1339  -1.4829   0.0000   0.0000   0.0000   0.2118
 -10.000  -0.3830   0.12343   0.11711  -0.0153  1.0001  0.1504  -1.5109   0.0000   0.0000   0.0000   0.2003
  -9.000  -0.3694   0.11098   0.10484  -0.0195  1.0001  0.1707  -1.5499   0.0000   0.0000   0.0000   0.1884
  -8.000  -0.3628   0.09862   0.09271  -0.0228  1.0001  0.1891  -1.5945   0.0000   0.0000   0.0000   0.1792
  -6.000  -0.4418   0.05470   0.04896  -0.0467  1.0001  0.1119  -2.5408   0.0000   0.0000   0.0000   0.1385
  -5.000  -0.3748   0.03523   0.02776  -0.0582  1.0001  0.1372  -2.6180   0.0000   0.0000   0.0000   0.0885
  -4.000  -0.2741   0.02864   0.02019  -0.0596  1.0001  0.1893  -2.1984   0.0000   0.0000   0.0000   0.0259
  -3.000  -0.1656   0.02479   0.01589  -0.0607  1.0001  0.2521  -1.6675   0.0000   0.0000   0.0000  -0.1243
  -2.000  -0.0601   0.02297   0.01392  -0.0615  1.0001  0.3324  -1.1996   0.0000   0.0000   0.0000  -0.7876
  -1.000   0.0471   0.02263   0.01406  -0.0636  0.9963  0.4485  -0.8517   0.0000   0.0000   0.0000   1.6072
   0.000   0.2428   0.02127   0.01425  -0.0764  0.9304  0.9999  -0.6411   0.0000   0.0000   0.0000   0.5635
   1.000   0.4508   0.02058   0.01288  -0.0904  0.8556  0.9999  -0.8619   0.0000   0.0000   0.0000   0.4480
   2.000   0.5926   0.01858   0.01059  -0.0883  0.7597  0.9999  -1.0600   0.0000   0.0000   0.0000   0.3956
   3.000   0.7109   0.01817   0.00940  -0.0828  0.6268  0.9999  -1.2585   0.0000   0.0000   0.0000   0.3621
   4.000   0.8163   0.02026   0.01062  -0.0786  0.5025  0.9999  -1.4629   0.0000   0.0000   0.0000   0.3409
   5.000   0.9219   0.02327   0.01312  -0.0759  0.4207  0.9999  -1.6823   0.0000   0.0000   0.0000   0.3260
   6.000   1.0248   0.02694   0.01678  -0.0736  0.3623  0.9999  -1.9127   0.0000   0.0000   0.0000   0.3144
   7.000   1.1257   0.03130   0.02118  -0.0712  0.3185  0.9999  -2.2146   0.0000   0.0000   0.0000   0.3047
   8.000   1.2137   0.03701   0.02753  -0.0678  0.2824  0.9999  -2.5298   0.0000   0.0000   0.0000   0.2961
   9.000   1.2885   0.04415   0.03538  -0.0633  0.2521  0.9999  -3.0407   0.0000   0.0000   0.0000   0.2882
  10.000   1.3049   0.05553   0.04794  -0.0556  0.2267  0.9999  -3.3706   0.0000   0.0000   0.0000   0.2805
  11.000   1.2265   0.07395   0.06726  -0.0477  0.2132  0.9999  -3.2951   0.0000   0.0000   0.0000   0.2756
  14.000   0.9180   0.18343   0.17688  -0.1053  0.2446  0.9999  -1.7217   0.0000   0.0000   0.0000   0.3500
  16.000   0.9909   0.21548   0.20928  -0.1130  0.1996  0.9999  -2.0754   0.0000   0.0000   0.0000   0.3463
  17.000   1.0037   0.22899   0.22286  -0.1220  0.1800  0.9999  -2.0457   0.0000   0.0000   0.0000   0.3523
  18.000   1.0487   0.24809   0.24218  -0.1251  0.1475  0.9999  -2.0984   0.0000   0.0000   0.0000   0.3482
  19.000   1.0767   0.26508   0.25920  -0.1332  0.1308  0.9999  -2.0615   0.0000   0.0000   0.0000   0.3510
  20.000   1.0968   0.27433   0.26846  -0.1445  0.1156  0.9999  -1.9883   0.0000   0.0000   0.0000   0.3571
  21.000   1.1182   0.28627   0.28037  -0.1581  0.1059  0.9999  -1.8604   0.0000   0.0000   0.0000   0.3648
  22.000   1.1703   0.31508   0.30938  -0.1592  0.0979  0.9999  -2.0740   0.0000   0.0000   0.0000   0.3575
  23.000   1.1833   0.31446   0.30872  -0.1776  0.0910  0.9999  -1.8973   0.0000   0.0000   0.0000   0.3693
  24.000   1.2331   0.34748   0.34188  -0.1781  0.0819  0.9999  -2.2043   0.0000   0.0000   0.0000   0.3614
  25.000   1.2478   0.34133   0.33570  -0.1977  0.0770  0.9999  -2.0231   0.0000   0.0000   0.0000   0.3728
  26.000   1.2806   0.35438   0.34884  -0.2068  0.0691  0.9999  -2.1145   0.0000   0.0000   0.0000   0.3732
  27.000   1.3144   0.37783   0.37244  -0.2135  0.0658  0.9999  -2.2782   0.0000   0.0000   0.0000   0.3716
  28.000   1.3404   0.37783   0.37247  -0.2299  0.0585  0.9999  -2.2070   0.0000   0.0000   0.0000   0.3777
  29.000   1.3710   0.39129   0.38604  -0.2382  0.0528  0.9999  -2.3490   0.0000   0.0000   0.0000   0.3769
  30.000   1.3987   0.40975   0.40454  -0.2479  0.0505  0.9999  -2.3811   0.0000   0.0000   0.0000   0.3773


