xflr5 v6.61

 Calculated polar for: TJ1_8_00

 1 1 Reynolds number fixed          Mach number fixed         

 xtrf =   1.000 (top)        1.000 (bottom)
 Mach =   0.200     Re =     0.050 e 6     Ncrit =   9.000

  alpha     CL        CD       CDp       Cm    Top Xtr Bot Xtr   Cpmin    Chinge    XCp    
 ------- -------- --------- --------- -------- ------- ------- -------- --------- ---------
 -30.000  -1.0822   0.37894   0.37162   0.1564  1.0001  0.0331  -1.8220   0.0000   0.0000   0.0000   0.3667
 -29.000  -1.0522   0.36868   0.36129   0.1454  1.0001  0.0358  -1.7922   0.0000   0.0000   0.0000   0.3626
 -28.000  -1.0203   0.36062   0.35316   0.1337  1.0001  0.0383  -1.7817   0.0000   0.0000   0.0000   0.3575
 -27.000  -0.9901   0.36393   0.35640   0.1200  1.0001  0.0394  -1.8133   0.0000   0.0000   0.0000   0.3499
 -26.000  -0.9589   0.35228   0.34476   0.1092  1.0001  0.0401  -1.8194   0.0000   0.0000   0.0000   0.3443
 -25.000  -0.9221   0.32307   0.31545   0.1034  1.0001  0.0436  -1.6526   0.0000   0.0000   0.0000   0.3440
 -24.000  -0.8871   0.31074   0.30300   0.0941  1.0001  0.0483  -1.5933   0.0000   0.0000   0.0000   0.3394
 -23.000  -0.8516   0.30019   0.29242   0.0838  1.0001  0.0529  -1.5689   0.0000   0.0000   0.0000   0.3332
 -22.000  -0.8222   0.30191   0.29417   0.0709  1.0001  0.0549  -1.6297   0.0000   0.0000   0.0000   0.3227
 -21.000  -0.7809   0.27561   0.26785   0.0648  1.0001  0.0574  -1.5507   0.0000   0.0000   0.0000   0.3204
 -20.000  -0.7430   0.26090   0.25312   0.0575  1.0001  0.0630  -1.4803   0.0000   0.0000   0.0000   0.3159
 -19.000  -0.7078   0.25044   0.24258   0.0482  1.0001  0.0696  -1.4768   0.0000   0.0000   0.0000   0.3077
 -18.000  -0.6763   0.23982   0.23205   0.0389  1.0001  0.0730  -1.4905   0.0000   0.0000   0.0000   0.2981
 -17.000  -0.6354   0.22257   0.21478   0.0337  1.0001  0.0816  -1.3555   0.0000   0.0000   0.0000   0.2943
 -16.000  -0.6155   0.21896   0.21126   0.0234  1.0001  0.0880  -1.4421   0.0000   0.0000   0.0000   0.2802
 -15.000  -0.5688   0.19645   0.18869   0.0199  1.0001  0.0953  -1.3546   0.0000   0.0000   0.0000   0.2776
 -14.000  -0.5525   0.19005   0.18240   0.0114  1.0001  0.1049  -1.4443   0.0000   0.0000   0.0000   0.2640
 -13.000  -0.5089   0.17030   0.16268   0.0084  1.0001  0.1144  -1.3458   0.0000   0.0000   0.0000   0.2602
 -12.000  -0.5006   0.16193   0.15448   0.0007  1.0001  0.1235  -1.4278   0.0000   0.0000   0.0000   0.2458
 -11.000  -0.4738   0.14835   0.14097  -0.0034  1.0001  0.1390  -1.3738   0.0000   0.0000   0.0000   0.2378
 -10.000  -0.4513   0.13492   0.12763  -0.0073  1.0001  0.1562  -1.3294   0.0000   0.0000   0.0000   0.2290
  -9.000  -0.4220   0.11960   0.11248  -0.0096  1.0001  0.1775  -1.2915   0.0000   0.0000   0.0000   0.2229
  -8.000  -0.3967   0.10658   0.09964  -0.0115  1.0001  0.2035  -1.3066   0.0000   0.0000   0.0000   0.2170
  -7.000  -0.3888   0.09520   0.08855  -0.0132  1.0001  0.2303  -1.3663   0.0000   0.0000   0.0000   0.2126
  -6.000  -0.3832   0.08426   0.07798  -0.0120  1.0001  0.2654  -1.4077   0.0000   0.0000   0.0000   0.2158
  -5.000  -0.3723   0.07335   0.06739  -0.0077  1.0001  0.3209  -1.4169   0.0000   0.0000   0.0000   0.2270
  -4.000  -0.2623   0.04346   0.03607  -0.0560  1.0001  0.1351  -2.0375   0.0000   0.0000   0.0000   0.0338
  -3.000  -0.1296   0.02824   0.01873  -0.0660  1.0001  0.1496  -2.0486   0.0000   0.0000   0.0000  -0.2645
  -2.000  -0.0109   0.02200   0.01231  -0.0666  1.0001  0.3419  -1.6427   0.0000   0.0000   0.0000  -5.9117
  -1.000   0.0671   0.01742   0.00985  -0.0559  1.0001  0.9675  -1.1607   0.0000   0.0000   0.0000   1.0864
   0.000   0.1854   0.01878   0.00939  -0.0610  1.0001  0.9999  -0.5842   0.0000   0.0000   0.0000   0.5786
   1.000   0.2793   0.02115   0.01120  -0.0624  1.0001  0.9999  -0.5768   0.0000   0.0000   0.0000   0.4715
   2.000   0.4463   0.02511   0.01507  -0.0789  0.9529  0.9999  -0.7553   0.0000   0.0000   0.0000   0.4243
   3.000   0.6792   0.02439   0.01482  -0.0949  0.8209  0.9999  -1.0592   0.0000   0.0000   0.0000   0.3866
   4.000   0.8158   0.02222   0.01262  -0.0870  0.6568  0.9999  -1.3248   0.0000   0.0000   0.0000   0.3527
   5.000   0.9199   0.02488   0.01473  -0.0800  0.5037  0.9999  -1.6282   0.0000   0.0000   0.0000   0.3322
   6.000   1.0200   0.02956   0.01932  -0.0757  0.4023  0.9999  -2.2373   0.0000   0.0000   0.0000   0.3185
   7.000   1.1121   0.03595   0.02632  -0.0715  0.3260  0.9999  -2.9231   0.0000   0.0000   0.0000   0.3075
   8.000   1.1875   0.04416   0.03547  -0.0660  0.2586  0.9999  -3.5416   0.0000   0.0000   0.0000   0.2977
   9.000   1.2416   0.05429   0.04645  -0.0588  0.1964  0.9999  -4.0485   0.0000   0.0000   0.0000   0.2883
  10.000   1.1831   0.07555   0.06911  -0.0527  0.1762  0.9999  -3.8407   0.0000   0.0000   0.0000   0.2847
  14.000   0.9581   0.19249   0.18569  -0.1130  0.2250  0.9999  -1.9592   0.0000   0.0000   0.0000   0.3555
  15.000   0.9803   0.20895   0.20221  -0.1185  0.1926  0.9999  -1.8879   0.0000   0.0000   0.0000   0.3573
  16.000   1.0053   0.22500   0.21827  -0.1259  0.1742  0.9999  -1.8233   0.0000   0.0000   0.0000   0.3602
  17.000   1.0347   0.24031   0.23359  -0.1332  0.1542  0.9999  -1.8199   0.0000   0.0000   0.0000   0.3623
  18.000   1.0646   0.25556   0.24886  -0.1417  0.1411  0.9999  -1.8384   0.0000   0.0000   0.0000   0.3651
  19.000   1.1043   0.27575   0.26918  -0.1473  0.1301  0.9999  -1.9166   0.0000   0.0000   0.0000   0.3638
  20.000   1.1350   0.28828   0.28176  -0.1566  0.1160  0.9999  -1.9850   0.0000   0.0000   0.0000   0.3666
  21.000   1.1619   0.29924   0.29271  -0.1686  0.1052  0.9999  -1.9675   0.0000   0.0000   0.0000   0.3718
  22.000   1.2017   0.32225   0.31580  -0.1741  0.0975  0.9999  -2.0897   0.0000   0.0000   0.0000   0.3698
  23.000   1.2282   0.32743   0.32099  -0.1880  0.0879  0.9999  -2.0076   0.0000   0.0000   0.0000   0.3758
  24.000   1.2644   0.34919   0.34289  -0.1946  0.0812  0.9999  -2.1614   0.0000   0.0000   0.0000   0.3745
  25.000   1.2929   0.35433   0.34807  -0.2085  0.0721  0.9999  -2.1394   0.0000   0.0000   0.0000   0.3795
  26.000   1.3316   0.39025   0.38412  -0.2117  0.0661  0.9999  -2.3589   0.0000   0.0000   0.0000   0.3750
  27.000   1.3553   0.38031   0.37417  -0.2297  0.0625  0.9999  -2.1938   0.0000   0.0000   0.0000   0.3828
  28.000   1.3857   0.39182   0.38584  -0.2401  0.0545  0.9999  -2.2281   0.0000   0.0000   0.0000   0.3839
  29.000   1.4164   0.42628   0.42041  -0.2452  0.0510  0.9999  -2.3552   0.0000   0.0000   0.0000   0.3811
  30.000   1.4419   0.41504   0.40919  -0.2626  0.0487  0.9999  -2.1794   0.0000   0.0000   0.0000   0.3870


