xflr5 v6.61

 Calculated polar for: TJ1_11_00

 1 1 Reynolds number fixed          Mach number fixed         

 xtrf =   1.000 (top)        1.000 (bottom)
 Mach =   0.200     Re =     0.080 e 6     Ncrit =   9.000

  alpha     CL        CD       CDp       Cm    Top Xtr Bot Xtr   Cpmin    Chinge    XCp    
 ------- -------- --------- --------- -------- ------- ------- -------- --------- ---------
 -24.000  -0.8383   0.30356   0.29723   0.0831  1.0001  0.0421  -1.6475   0.0000   0.0000   0.0000   0.3264
 -23.000  -0.8010   0.29067   0.28427   0.0747  1.0001  0.0455  -1.5495   0.0000   0.0000   0.0000   0.3221
 -22.000  -0.7639   0.27868   0.27226   0.0654  1.0001  0.0506  -1.4876   0.0000   0.0000   0.0000   0.3159
 -21.000  -0.7336   0.27599   0.26959   0.0525  1.0001  0.0547  -1.5859   0.0000   0.0000   0.0000   0.3034
 -20.000  -0.7077   0.26965   0.26334   0.0415  1.0001  0.0554  -1.6837   0.0000   0.0000   0.0000   0.2919
 -19.000  -0.6533   0.24062   0.23419   0.0391  1.0001  0.0595  -1.4564   0.0000   0.0000   0.0000   0.2937
 -18.000  -0.6153   0.22784   0.22142   0.0317  1.0001  0.0651  -1.3919   0.0000   0.0000   0.0000   0.2864
 -17.000  -0.5884   0.22045   0.21407   0.0209  1.0001  0.0709  -1.4478   0.0000   0.0000   0.0000   0.2715
 -16.000  -0.5547   0.20432   0.19802   0.0139  1.0001  0.0730  -1.4142   0.0000   0.0000   0.0000   0.2618
 -15.000  -0.5112   0.18851   0.18218   0.0103  1.0001  0.0802  -1.3278   0.0000   0.0000   0.0000   0.2573
 -14.000  -0.5038   0.18230   0.17608  -0.0002  1.0001  0.0880  -1.5149   0.0000   0.0000   0.0000   0.2379
 -13.000  -0.4518   0.16215   0.15596  -0.0015  1.0001  0.0988  -1.4040   0.0000   0.0000   0.0000   0.2350
 -12.000  -0.4439   0.15053   0.14447  -0.0098  1.0001  0.1070  -1.5624   0.0000   0.0000   0.0000   0.2173
 -11.000  -0.4144   0.13697   0.13098  -0.0134  1.0001  0.1209  -1.5546   0.0000   0.0000   0.0000   0.2074
 -10.000  -0.3847   0.12172   0.11581  -0.0163  1.0001  0.1305  -1.5469   0.0000   0.0000   0.0000   0.1978
  -9.000  -0.3680   0.10910   0.10335  -0.0203  1.0001  0.1515  -1.5710   0.0000   0.0000   0.0000   0.1859
  -8.000  -0.3569   0.09609   0.09053  -0.0236  1.0001  0.1664  -1.6066   0.0000   0.0000   0.0000   0.1758
  -7.000  -0.4405   0.07631   0.07117  -0.0390  1.0001  0.1233  -2.2587   0.0000   0.0000   0.0000   0.1552
  -6.000  -0.4502   0.04809   0.04241  -0.0519  1.0001  0.0975  -2.7755   0.0000   0.0000   0.0000   0.1287
  -5.000  -0.3698   0.03086   0.02318  -0.0607  1.0001  0.1252  -2.7351   0.0000   0.0000   0.0000   0.0792
  -4.000  -0.2672   0.02609   0.01764  -0.0612  1.0001  0.1768  -2.2451   0.0000   0.0000   0.0000   0.0142
  -3.000  -0.1600   0.02326   0.01452  -0.0617  1.0001  0.2383  -1.6850   0.0000   0.0000   0.0000  -0.1436
  -2.000  -0.0561   0.02190   0.01308  -0.0622  1.0001  0.3149  -1.2075   0.0000   0.0000   0.0000  -0.8749
  -1.000   0.1153   0.02145   0.01328  -0.0752  0.9751  0.4612  -0.7722   0.0000   0.0000   0.0000   0.9047
   0.000   0.2876   0.01945   0.01279  -0.0821  0.9110  0.9999  -0.6787   0.0000   0.0000   0.0000   0.5344
   1.000   0.4688   0.01819   0.01095  -0.0904  0.8407  0.9999  -0.8838   0.0000   0.0000   0.0000   0.4403
   2.000   0.6006   0.01646   0.00885  -0.0871  0.7440  0.9999  -1.0752   0.0000   0.0000   0.0000   0.3915
   3.000   0.7125   0.01672   0.00822  -0.0818  0.6031  0.9999  -1.2674   0.0000   0.0000   0.0000   0.3603
   4.000   0.8169   0.01889   0.00948  -0.0780  0.4806  0.9999  -1.4729   0.0000   0.0000   0.0000   0.3401
   5.000   0.9224   0.02173   0.01184  -0.0757  0.4016  0.9999  -1.6950   0.0000   0.0000   0.0000   0.3256
   6.000   1.0268   0.02506   0.01509  -0.0736  0.3457  0.9999  -1.9325   0.0000   0.0000   0.0000   0.3142
   7.000   1.1297   0.02891   0.01892  -0.0714  0.3032  0.9999  -2.2440   0.0000   0.0000   0.0000   0.3046
   8.000   1.2255   0.03367   0.02405  -0.0686  0.2678  0.9999  -2.5943   0.0000   0.0000   0.0000   0.2961
   9.000   1.3014   0.04002   0.03132  -0.0639  0.2377  0.9999  -3.1419   0.0000   0.0000   0.0000   0.2880
  10.000   1.3544   0.04806   0.04030  -0.0576  0.2109  0.9999  -3.6521   0.0000   0.0000   0.0000   0.2801
  11.000   1.3572   0.05856   0.05176  -0.0487  0.1885  0.9999  -3.9672   0.0000   0.0000   0.0000   0.2721
  12.000   1.2508   0.07901   0.07291  -0.0429  0.1803  0.9999  -3.7600   0.0000   0.0000   0.0000   0.2692
  14.000   0.9282   0.18075   0.17465  -0.1032  0.2211  0.9999  -1.8034   0.0000   0.0000   0.0000   0.3463
  17.000   1.0160   0.22909   0.22347  -0.1192  0.1639  0.9999  -2.1380   0.0000   0.0000   0.0000   0.3479
  18.000   1.0598   0.24761   0.24212  -0.1222  0.1309  0.9999  -2.1911   0.0000   0.0000   0.0000   0.3441
  19.000   1.0645   0.25627   0.25074  -0.1366  0.1165  0.9999  -2.0004   0.0000   0.0000   0.0000   0.3555
  20.000   1.0889   0.27055   0.26501  -0.1481  0.1033  0.9999  -1.9148   0.0000   0.0000   0.0000   0.3613
  21.000   1.1332   0.29278   0.28731  -0.1520  0.0976  0.9999  -2.0165   0.0000   0.0000   0.0000   0.3574
  22.000   1.1524   0.29970   0.29423  -0.1676  0.0880  0.9999  -1.8906   0.0000   0.0000   0.0000   0.3667
  24.000   0.7914   0.28223   0.27767  -0.1081  0.0815  0.9999  -1.1760   0.0000   0.0000   0.0000   0.3621
  25.000   0.7904   0.29135   0.28687  -0.1152  0.0722  0.9999  -1.1007   0.0000   0.0000   0.0000   0.3697
  26.000   0.8248   0.31626   0.31188  -0.1166  0.0662  0.9999  -1.3028   0.0000   0.0000   0.0000   0.3630
  27.000   0.8125   0.32091   0.31659  -0.1247  0.0639  0.9999  -1.1228   0.0000   0.0000   0.0000   0.3736
  28.000   0.8219   0.33462   0.33041  -0.1297  0.0549  0.9999  -1.1577   0.0000   0.0000   0.0000   0.3758
  29.000   0.8446   0.35863   0.35455  -0.1321  0.0510  0.9999  -1.3051   0.0000   0.0000   0.0000   0.3718
  30.000   0.8371   0.36540   0.36140  -0.1397  0.0482  0.9999  -1.1238   0.0000   0.0000   0.0000   0.3803


